SampleLeft, LeftBump, RightBump, D_leftCar,averSpd
0       0.01    0.02    -0.01   0.37
1       0.01    0.01    -0.00   0.51
2       0.26    0.02    0.04    0.34
3       0.12    0.02    0.11    0.45
4       0.23    0.00    0.22    0.71
5       0.20    0.01    0.23    0.70
6       0.27    0.10    0.18    0.77
7       0.25    0.20    0.03    0.91
8       0.07    0.13    -0.06   0.59
9       0.08    0.15    -0.07   0.43
10      0.11    0.22    -0.02   0.48
11      0.11    0.22    -0.02   0.48
12      0.13    0.12    0.02    0.49
13      0.15    0.12    0.03    0.52
14      0.14    0.13    0.02    0.49
15      0.15    0.12    0.02    0.49
16      0.14    0.11    0.04    0.49
17      0.16    0.12    0.05    0.51
18      0.16    0.14    0.06    0.50
19      0.24    0.11    0.07    0.49
20      0.18    0.11    0.08    0.49
21      0.18    0.11    0.08    0.50
22      0.17    0.10    0.07    0.54
23      0.17    0.11    0.05    0.53
24      0.26    0.10    0.08    0.49
25      0.19    0.09    0.10    0.55
26      0.21    0.12    0.10    0.61
27      0.19    0.10    0.09    0.78
28      0.17    0.11    0.06    0.83
29      0.16    0.10    0.05    0.55
30      0.18    0.12    0.03    0.45
31      0.18    0.12    0.03    0.47
32      0.19    0.10    0.10    0.60
33      0.22    0.12    0.09    0.66
34      0.22    0.13    0.09    0.75
35      0.22    0.15    0.07    0.65
36      0.16    0.11    0.09    0.56
37      0.18    0.11    0.06    0.54
38      0.18    0.11    0.07    0.48
39      0.20    0.11    0.10    0.47
40      0.24    0.13    0.10    0.56
41      0.21    0.13    0.09    0.71
42      0.23    0.13    0.09    0.78
43      0.20    0.11    0.03    0.86
44      0.17    0.12    0.10    0.52
45      0.17    0.12    0.10    0.51
46      0.17    0.13    0.05    0.53
47      0.16    0.10    0.06    0.55
48      0.20    0.12    0.09    0.55
49      0.20    0.11    0.11    0.60
50      0.26    0.12    0.13    0.78
51      0.24    0.14    0.09    0.82
52      0.24    0.16    0.09    0.88
53      0.16    0.15    0.02    1.03
54      0.13    0.13    -0.01   0.63
55      0.14    0.12    0.06    0.47
56      0.14    0.12    0.06    0.44
57      0.16    0.13    0.03    0.49
58      0.14    0.12    0.02    0.52
59      0.16    0.11    0.05    0.48
60      0.17    0.11    0.06    0.49
61      0.18    0.12    0.07    0.48
62      0.19    0.10    0.08    0.52
63      0.22    0.11    0.11    0.55
64      0.18    0.10    0.08    0.69
65      0.22    0.12    0.10    0.75
66      0.20    0.11    0.09    0.89
67      0.15    0.11    0.04    1.04
68      0.15    0.11    0.04    0.61
69      0.20    0.15    0.05    0.49
70      0.18    0.13    0.06    0.45
71      0.20    0.12    0.09    0.62
72      0.26    0.17    0.10    0.74
73      0.21    0.13    0.07    0.64
74      0.21    0.12    0.09    0.51
75      0.22    0.10    0.12    0.58
76      0.29    0.11    0.20    0.62
77      0.27    0.08    0.17    0.82
78      0.29    0.14    0.20    0.86
79      0.22    0.22    0.06    1.00
80      0.18    0.13    0.04    0.59
81      0.18    0.10    0.08    0.48
82      0.18    0.10    0.08    0.56
83      0.22    0.14    0.08    0.50
84      0.20    0.13    0.08    0.48
85      0.19    0.11    0.09    0.56
86      0.21    0.11    0.11    0.63
87      0.24    0.09    0.14    0.67
88      0.22    0.17    0.12    0.76
89      0.26    0.15    0.11    0.92
90      0.21    0.15    0.06    1.04
91      0.19    0.14    0.05    0.57
92      0.20    0.16    0.08    0.50
93      0.22    0.06    0.17    0.67
94      0.51    0.03    0.39    0.67
95      0.25    0.02    0.19    0.83
96      0.34    0.13    0.21    0.91
97      0.00    0.00    0.00    0.00
98      0.00    0.00    0.00    0.00
99      0.00    0.00    0.00    0.00