SampleLeft, LeftBump, RightBump, D_leftCar,averSpd
0       0.02    0.02    0.00    0.31
1       0.01    0.02    0.01    0.51
2       0.01    0.01    0.02    0.39
3       0.13    0.02    0.12    0.54
4       0.18    0.01    0.13    0.64
5       0.18    0.01    0.20    0.70
6       0.28    0.03    0.24    0.79
7       0.16    0.13    0.03    0.95
8       0.06    0.07    -0.02   0.55
9       0.10    0.12    0.00    0.46
10      0.12    0.12    0.01    0.49
11      0.13    0.16    -0.01   0.47
12      0.05    0.18    -0.14   0.52
13      0.01    0.06    -0.04   0.11
14      0.01    0.06    -0.04   0.18
15      0.11    0.12    0.01    0.34
16      0.15    0.17    -0.02   0.51
17      0.09    0.18    -0.10   0.28
18      0.02    0.05    -0.03   0.09
19      0.13    0.17    0.01    0.23
20      0.12    0.15    -0.03   0.49
21      0.08    0.11    -0.04   0.52
22      0.10    0.13    -0.02   0.53
23      0.09    0.11    -0.00   0.51
24      0.10    0.14    -0.04   0.52
25      0.11    0.13    -0.02   0.51
26      0.13    0.13    -0.03   0.51
27      0.10    0.11    -0.02   0.49
28      0.09    0.11    -0.01   0.54
29      0.11    0.11    0.07    0.52
30      0.10    0.11    -0.01   0.48
31      0.11    0.11    0.01    0.52
32      0.12    0.12    0.01    0.54
33      0.12    0.11    0.02    0.51
34      0.12    0.12    0.02    0.51
35      0.12    0.09    0.03    0.50
36      0.13    0.10    0.01    0.51
37      0.12    0.10    0.02    0.52
38      0.11    0.11    -0.00   0.51
39      0.14    0.11    0.03    0.50
40      0.13    0.11    0.03    0.51
41      0.17    0.11    0.02    0.50
42      0.12    0.10    0.02    0.48
43      0.12    0.11    0.02    0.52
44      0.12    0.11    0.02    0.49
45      0.14    0.11    0.01    0.50
46      0.11    0.10    0.03    0.52
47      0.16    0.10    0.04    0.53
48      0.13    0.10    -0.03   0.48
49      0.14    0.09    0.04    0.51
50      0.17    0.11    0.03    0.52
51      0.13    0.10    0.02    0.52
52      0.15    0.12    0.04    0.48
53      0.15    0.11    0.05    0.49
54      0.13    0.09    0.03    0.52
55      0.16    0.10    0.07    0.51
56      0.15    0.10    0.04    0.52
57      0.15    0.10    0.04    0.51
58      0.12    0.11    0.03    0.51
59      0.13    0.13    0.04    0.52
60      0.14    0.11    0.03    0.50
61      0.12    0.10    0.04    0.51
62      0.13    0.11    0.03    0.49
63      0.13    0.08    0.05    0.46
64      0.15    0.10    0.04    0.51
65      0.14    0.09    0.05    0.52
66      0.13    0.10    0.03    0.48
67      0.15    0.10    0.05    0.48
68      0.17    0.11    0.04    0.50
69      0.17    0.11    0.04    0.49
70      0.16    0.10    0.05    0.49
71      0.17    0.11    0.06    0.51
72      0.13    0.08    0.05    0.51
73      0.15    0.08    0.07    0.52
74      0.15    0.09    0.06    0.48
75      0.14    0.09    0.05    0.45
76      0.15    0.08    0.07    0.48
77      0.13    0.08    0.04    0.50
78      0.13    0.09    0.05    0.48
79      0.19    0.14    0.06    0.51
80      0.16    0.10    0.07    0.47
81      0.16    0.09    0.07    0.49
82      0.16    0.11    0.06    0.49
83      0.18    0.11    0.08    0.48
84      0.18    0.11    0.08    0.48
85      0.17    0.10    0.07    0.49
86      0.16    0.10    0.06    0.52
87      0.16    0.11    0.09    0.57
88      0.16    0.11    0.04    0.56
89      0.15    0.11    0.02    0.48
90      0.14    0.11    0.02    0.52
91      0.14    0.12    0.02    0.50
92      0.13    0.12    0.02    0.52
93      0.00    0.00    0.00    0.00
94      0.00    0.00    0.00    0.00
95      0.00    0.00    0.00    0.00
96      0.00    0.00    0.00    0.00
97      0.00    0.00    0.00    0.00
98      0.00    0.00    0.00    0.00
99      0.00    0.00    0.00    0.00