SampleLeft, LeftBump, RightBump, D_leftCar,averSpd
0       0.02    0.02    -0.00   0.36
1       0.01    0.02    -0.00   0.52
2       0.03    0.01    -0.01   0.34
3       0.12    0.01    0.12    0.47
4       0.15    -0.01   0.17    0.64
5       0.21    0.01    0.22    0.67
6       0.22    0.13    0.14    0.79
7       0.19    0.17    0.03    0.93
8       0.01    0.16    -0.17   0.57
9       0.01    0.00    0.01    0.14
10      0.01    0.00    0.01    0.14
11      0.09    0.16    -0.07   0.31
12      0.08    0.20    -0.11   0.24
13      0.01    0.07    -0.05   0.13
14      0.11    0.11    -0.00   0.20
15      0.17    0.13    0.05    0.44
16      0.17    0.13    0.03    0.52
17      0.14    0.12    0.03    0.51
18      0.16    0.12    0.05    0.50
19      0.15    0.10    0.03    0.54
20      0.22    0.12    0.04    0.52
21      0.15    0.09    0.07    0.52
22      0.16    0.11    0.06    0.46
23      0.16    0.11    0.06    0.48
24      0.17    0.09    0.07    0.49
25      0.19    0.09    0.10    0.54
26      0.18    0.12    0.07    0.55
27      0.17    0.08    0.07    0.48
28      0.17    0.07    0.04    0.52
29      0.16    0.06    0.10    0.55
30      0.18    0.08    0.09    0.60
31      0.17    0.09    0.08    0.67
32      0.24    0.11    0.13    0.78
33      0.19    0.12    0.06    0.89
34      0.16    0.09    0.01    0.60
35      0.13    0.11    0.02    0.48
36      0.15    0.12    0.03    0.49
37      0.15    0.12    0.03    0.49
38      0.16    0.11    0.05    0.52
39      0.17    0.12    0.05    0.47
40      0.17    0.11    0.07    0.49
41      0.17    0.09    0.07    0.51
42      0.17    0.11    0.07    0.48
43      0.17    0.10    0.07    0.52
44      0.13    0.09    0.04    0.54
45      0.16    0.12    0.06    0.48
46      0.15    0.13    0.02    0.50
47      0.15    0.13    0.02    0.49
48      0.17    0.12    0.04    0.48
49      0.15    0.11    0.05    0.52
50      0.17    0.12    0.05    0.52
51      0.19    0.11    0.07    0.54
52      0.17    0.10    0.07    0.51
53      0.18    0.11    0.07    0.48
54      0.19    0.10    0.09    0.48
55      0.19    0.12    0.07    0.57
56      0.17    0.10    0.06    0.50
57      0.17    0.10    0.06    0.51
58      0.19    0.11    0.07    0.51
59      0.17    0.11    0.07    0.49
60      0.21    0.12    0.10    0.58
61      0.18    0.11    0.09    0.63
62      0.22    0.15    0.06    0.65
63      0.15    0.10    0.04    0.51
64      0.15    0.11    0.06    0.47
65      0.19    0.11    0.09    0.50
66      0.15    0.11    0.05    0.56
67      0.15    0.11    0.05    0.54
68      0.15    0.10    0.06    0.48
69      0.18    0.11    0.08    0.50
70      0.20    0.12    0.08    0.52
71      0.21    0.12    0.10    0.56
72      0.22    0.10    0.12    0.61
73      0.22    0.11    0.11    0.70
74      0.22    0.12    0.09    0.83
75      0.19    0.13    0.06    0.89
76      0.13    0.12    0.01    0.56
77      0.13    0.12    0.01    0.50
78      0.15    0.12    0.11    0.52
79      0.21    0.14    0.08    0.57
80      0.18    0.12    -0.01   0.51
81      0.17    0.11    0.06    0.51
82      0.18    0.10    0.09    0.52
83      0.22    0.13    0.07    0.58
84      0.19    0.10    0.09    0.48
85      0.24    0.14    0.09    0.62
86      0.20    0.13    0.09    0.69
87      0.22    0.12    0.09    0.78
88      0.24    0.16    0.05    0.87
89      0.24    0.16    0.05    0.62
90      0.17    0.12    0.04    0.51
91      0.17    0.12    0.05    0.50
92      0.20    0.12    0.07    0.51
93      0.19    0.11    0.07    0.50
94      0.20    0.11    0.09    0.51
95      0.20    0.13    0.06    0.60
96      0.18    0.12    0.06    0.48
97      0.18    0.11    0.07    0.47
98      0.00    0.00    0.00    0.00
99      0.00    0.00    0.00    0.00
