SampleLeft, LeftBump, RightBump, D_leftCar,averSpd
0       0.02    0.02    0.00    0.33
1       0.01    0.01    -0.00   0.56
2       -0.01   0.01    0.01    0.33
3       0.13    0.01    0.12    0.54
4       0.15    0.00    0.17    0.68
5       0.21    0.01    0.20    0.71
6       0.27    0.01    0.28    0.79
7       0.24    0.12    0.13    0.92
8       0.25    0.18    -0.02   1.00
9       0.03    0.13    -0.10   0.59
10      0.03    0.13    -0.10   0.21
11      0.05    0.06    0.00    0.15
12      0.14    0.09    0.04    0.27
13      0.20    0.10    0.10    0.49
14      0.22    0.10    0.13    0.73
15      0.24    0.11    0.13    0.74
16      0.24    0.14    0.11    0.85
17      0.21    0.12    0.08    0.87
18      0.21    0.16    0.03    0.99
19      0.09    0.09    0.00    0.57
20      0.13    0.13    -0.07   0.48
21      0.13    0.13    -0.07   0.44
22      0.14    0.14    0.01    0.51
23      0.15    0.13    0.03    0.48
24      0.16    0.12    0.04    0.48
25      0.16    0.10    0.06    0.52
26      0.19    0.11    0.07    0.49
27      0.17    0.10    0.06    0.51
28      0.18    0.11    0.07    0.50
29      0.20    0.11    0.09    0.46
30      0.20    0.10    0.10    0.63
31      0.23    0.15    0.08    0.71
32      0.14    0.09    0.06    0.51
33      0.19    0.10    0.07    0.49
34      0.19    0.10    0.07    0.48
35      0.19    0.10    0.10    0.54
36      0.20    0.09    0.10    0.64
37      0.22    0.10    0.11    0.76
38      0.23    0.20    0.09    0.85
39      0.15    0.11    0.07    0.80
40      0.17    0.13    0.04    0.51
41      0.15    0.12    0.03    0.47
42      0.17    0.11    0.06    0.49
43      0.19    0.12    0.08    0.49
44      0.20    0.11    0.10    0.54
45      0.21    0.11    0.09    0.63
46      0.22    0.14    0.09    0.67
47      0.22    0.15    0.06    0.82
48      0.16    0.11    0.04    0.55
49      0.16    0.11    0.04    0.50
50      0.19    0.12    0.07    0.45
51      0.21    0.13    0.08    0.46
52      0.21    0.12    0.10    0.60
53      0.22    0.10    0.10    0.70
54      0.21    0.12    0.08    0.71
55      0.22    0.13    0.09    0.79
56      0.21    0.14    0.05    0.96
57      0.16    0.13    0.03    0.56
58      0.17    0.13    0.05    0.47
59      0.17    0.13    0.05    0.48
60      0.18    0.12    0.06    0.47
61      0.19    0.12    0.07    0.45
62      0.19    0.08    0.11    0.56
63      0.24    0.10    0.13    0.69
64      0.23    0.12    0.12    0.71
65      0.22    0.12    0.09    0.86
66      0.27    0.19    0.08    0.90
67      0.22    0.13    0.02    0.58
68      0.18    0.14    0.04    0.48
69      0.19    0.14    0.07    0.51
70      0.17    0.11    0.06    0.48
71      0.19    0.16    0.11    0.47
72      0.24    0.11    0.12    0.57
73      0.24    0.11    0.12    0.69
74      0.20    0.11    0.08    0.55
75      0.18    0.12    0.06    0.49
76      0.21    0.10    0.10    0.58
77      0.24    0.12    0.13    0.61
78      0.22    0.08    0.14    0.72
79      0.26    0.11    0.13    0.83
80      0.22    0.16    0.18    0.91
81      0.23    0.17    0.06    1.02
82      0.21    0.12    0.09    0.56
83      0.21    0.10    0.10    0.59
84      0.25    0.14    0.10    0.70
85      0.25    0.14    0.10    0.77
86      0.29    0.12    0.21    0.90
87      0.31    0.17    0.17    0.98
88      0.26    0.18    0.08    1.03
89      0.27    0.23    0.05    0.69
90      0.17    0.13    0.03    0.57
91      0.18    0.13    0.06    0.48
92      0.20    0.15    0.06    0.45
93      0.31    0.13    0.11    0.47
94      0.31    0.13    0.11    0.62
95      0.24    0.12    0.13    0.71
96      0.26    0.13    0.12    0.75
97      0.00    0.00    0.00    0.00
98      0.00    0.00    0.00    0.00
99      0.00    0.00    0.00    0.00
