SampleLeft, LeftBump, RightBump, D_leftCar,averSpd
0       0.02    0.02    0.00    0.33
1       0.01    0.01    0.01    0.51
2       0.02    0.01    0.11    0.46
3       0.22    0.01    0.17    0.60
4       0.23    0.00    0.22    0.79
5       0.23    0.05    0.17    0.79
6       0.19    0.13    0.06    0.80
7       0.06    0.11    -0.07   0.58
8       0.08    0.26    -0.16   0.45
9       0.06    0.04    -0.02   0.06
10      0.06    0.04    -0.02   0.16
11      0.10    0.12    -0.01   0.31
12      0.12    0.14    -0.02   0.51
13      0.08    0.16    -0.09   0.25
14      0.01    0.06    -0.06   0.05
15      0.09    0.17    -0.07   0.22
16      0.11    0.17    -0.06   0.47
17      0.09    0.15    -0.06   0.52
18      0.10    0.15    -0.04   0.52
19      0.08    0.13    -0.05   0.52
20      0.09    0.14    -0.05   0.50
21      0.09    0.12    -0.02   0.50
22      0.10    0.14    -0.04   0.49
23      0.09    0.13    -0.03   0.55
24      0.09    0.13    -0.03   0.49
25      0.10    0.12    -0.02   0.50
26      0.08    0.12    -0.04   0.54
27      0.10    0.13    -0.02   0.49
28      0.09    0.12    -0.04   0.48
29      0.09    0.12    -0.03   0.56
30      0.10    0.11    -0.02   0.51
31      0.12    0.13    -0.02   0.53
32      0.10    0.11    -0.01   0.50
33      0.11    0.11    -0.01   0.48
34      0.13    0.14    -0.00   0.52
35      0.12    0.12    0.03    0.52
36      0.14    0.13    0.01    0.51
37      0.11    0.10    0.01    0.52
38      0.13    0.12    0.01    0.52
39      0.14    0.14    0.00    0.51
40      0.10    0.10    -0.00   0.50
41      0.12    0.13    -0.01   0.51
42      0.08    0.12    -0.03   0.52
43      0.08    0.13    -0.04   0.51
44      0.10    0.14    -0.03   0.51
45      0.13    0.17    -0.04   0.50
46      0.10    0.13    -0.04   0.48
47      0.10    0.13    -0.02   0.51
48      0.10    0.13    -0.04   0.53
49      0.09    0.13    -0.05   0.55
50      0.09    0.13    -0.04   0.51
51      0.10    0.17    -0.03   0.50
52      0.11    0.11    0.00    0.50
53      0.12    0.12    0.00    0.53
54      0.13    0.11    0.03    0.49
55      0.13    0.12    0.07    0.52
56      0.13    0.10    0.03    0.52
57      0.14    0.11    -0.03   0.50
58      0.14    0.11    -0.03   0.49
59      0.12    0.10    0.02    0.52
60      0.13    0.10    0.04    0.49
61      0.15    0.13    0.02    0.52
62      0.13    0.11    0.04    0.50
63      0.13    0.18    0.03    0.48
64      0.13    0.11    0.02    0.52
65      0.15    0.11    0.04    0.47
66      0.15    0.12    0.03    0.50
67      0.14    0.11    0.04    0.47
68      0.13    0.11    0.03    0.50
69      0.13    0.10    0.03    0.52
70      0.13    0.12    0.02    0.51
71      0.15    0.12    0.03    0.46
72      0.15    0.12    0.03    0.55
73      0.18    0.11    0.09    0.48
74      0.22    0.09    0.12    0.63
75      0.19    0.09    0.07    0.53
76      0.16    0.08    0.07    0.50
77      0.15    0.09    0.05    0.47
78      0.17    0.09    0.09    0.55
79      0.17    0.10    0.06    0.57
80      0.15    0.11    0.07    0.53
81      0.15    0.09    0.05    0.49
82      0.17    0.11    0.06    0.52
83      0.17    0.10    0.08    0.49
84      0.17    0.10    0.08    0.50
85      0.18    0.09    0.05    0.48
86      0.19    0.10    0.08    0.57
87      0.24    0.13    0.11    0.69
88      0.24    0.12    0.12    0.79
89      0.21    0.13    0.09    0.86
90      0.17    0.11    0.05    0.75
91      0.13    0.12    0.02    0.61
92      0.17    0.13    0.03    0.47
93      0.17    0.12    0.04    0.48
94      0.00    0.00    0.00    0.00
95      0.00    0.00    0.00    0.00
96      0.00    0.00    0.00    0.00
97      0.00    0.00    0.00    0.00
98      0.00    0.00    0.00    0.00
99      0.00    0.00    0.00    0.00
