SampleLeft, LeftBump, RightBump, D_leftCar,averSpd
0       0.01    0.02    -0.00   0.34
1       0.01    0.01    -0.00   0.40
2       0.17    0.01    0.14    0.48
3       0.15    0.01    0.13    0.62
4       0.19    0.01    0.18    0.78
5       0.25    0.06    0.20    0.77
6       0.28    0.14    0.07    0.80
7       0.06    0.14    -0.10   0.60
8       0.01    0.08    -0.08   0.14
9       0.01    0.01    -0.00   -0.00
10      0.13    0.12    0.02    0.19
11      0.16    0.10    0.07    0.42
12      0.17    0.08    0.13    0.51
13      0.17    0.08    0.13    0.59
14      0.17    0.09    0.08    0.53
15      0.15    0.09    0.08    0.52
16      0.15    0.07    0.08    0.53
17      0.17    0.09    0.08    0.66
18      0.15    0.11    0.05    0.65
19      0.13    0.08    0.04    0.53
20      0.14    0.09    0.06    0.49
21      0.15    0.08    0.02    0.53
22      0.16    0.09    0.08    0.51
23      0.17    0.08    0.09    0.49
24      0.17    0.08    0.09    0.58
25      0.17    0.09    0.08    0.68
26      0.17    0.08    0.03    0.54
27      0.14    0.08    0.06    0.49
28      0.16    0.10    0.05    0.48
29      0.15    0.07    0.07    0.51
30      0.16    0.09    0.07    0.47
31      0.14    0.06    0.09    0.50
32      0.14    0.06    0.09    0.60
33      0.16    0.09    0.08    0.54
34      0.17    0.06    0.08    0.48
35      0.17    0.09    0.08    0.52
36      0.16    0.08    0.03    0.48
37      0.20    0.09    0.08    0.47
38      0.17    0.09    0.09    0.52
39      0.19    0.09    0.10    0.61
40      0.19    0.12    0.08    0.71
41      0.15    0.09    0.06    0.55
42      0.18    0.11    0.10    0.46
43      0.18    0.11    0.10    0.53
44      0.20    0.11    0.09    0.71
45      0.19    0.10    0.09    0.83
46      0.17    0.11    0.07    0.65
47      0.14    0.10    0.05    0.49
48      0.16    0.10    0.06    0.49
49      0.14    0.10    0.05    0.45
50      0.17    0.11    0.06    0.48
51      0.16    0.11    0.06    0.52
52      0.16    0.11    0.05    0.49
53      0.17    0.11    0.08    0.51
54      0.15    0.12    0.07    0.61
55      0.17    0.09    0.08    0.50
56      0.16    0.09    0.06    0.48
57      0.17    0.08    0.09    0.51
58      0.16    0.08    0.07    0.56
59      0.16    0.07    0.09    0.53
60      0.19    0.09    0.10    0.60
61      0.21    0.11    0.10    0.70
62      0.21    0.11    0.10    0.79
63      0.19    0.14    0.05    0.62
64      0.16    0.10    0.04    0.51
65      0.16    0.12    0.05    0.48
66      0.16    0.11    0.04    0.49
67      0.19    0.12    0.04    0.46
68      0.18    0.11    0.11    0.50
69      0.19    0.14    0.06    0.60
70      0.15    0.11    0.05    0.55
71      0.17    0.10    0.06    0.47
72      0.17    0.10    0.06    0.45
73      0.18    0.10    0.08    0.58
74      0.18    0.11    0.07    0.55
75      0.17    0.11    0.06    0.45
76      0.17    0.10    0.08    0.60
77      0.18    0.12    0.06    0.54
78      0.20    0.10    0.06    0.48
79      0.19    0.12    0.08    0.48
80      0.18    0.09    0.11    0.54
81      0.19    0.11    0.08    0.54
82      0.19    0.11    0.08    0.68
83      0.20    0.11    0.10    0.78
84      0.21    0.13    0.07    0.62
85      0.14    0.10    0.05    0.51
86      0.17    0.13    0.05    0.49
87      0.15    0.09    0.04    0.51
88      0.14    0.10    0.10    0.45
89      0.21    0.09    0.13    0.61
90      0.23    0.11    0.12    0.66
91      0.22    0.12    0.09    0.83
92      0.22    0.12    0.09    0.90
93      0.16    0.12    0.04    0.62
94      0.12    0.13    0.00    0.50
95      0.16    0.13    0.02    0.47
96      0.16    0.13    0.10    0.55
97      0.00    0.00    0.00    0.00
98      0.00    0.00    0.00    0.00
99      0.00    0.00    0.00    0.00
