SampleLeft, LeftBump, RightBump, D_leftCar,averSpd
0       0.01    0.01    -0.01   0.33
1       0.01    0.01    -0.01   0.36
2       0.12    0.01    0.14    0.51
3       0.11    0.02    0.11    0.63
4       0.18    0.01    0.18    0.78
5       0.17    0.00    0.18    0.85
6       0.19    0.10    0.08    0.73
7       0.06    0.08    -0.03   0.58
8       0.02    0.11    -0.09   0.45
9       0.05    0.09    -0.07   0.10
10      0.05    0.09    -0.07   0.10
11      0.17    0.15    -0.03   0.36
12      0.13    0.16    -0.03   0.48
13      0.11    0.12    -0.01   0.52
14      0.11    0.12    -0.01   0.48
15      0.16    0.12    0.00    0.52
16      0.14    0.12    0.02    0.47
17      0.14    0.11    0.02    0.50
18      0.12    0.12    0.02    0.55
19      0.13    0.11    0.02    0.51
20      0.16    0.11    0.08    0.48
21      0.16    0.11    0.08    0.49
22      0.15    0.10    0.05    0.50
23      0.16    0.11    0.05    0.48
24      0.15    0.10    0.06    0.49
25      0.18    0.10    0.07    0.51
26      0.17    0.09    0.08    0.47
27      0.16    0.09    0.08    0.53
28      0.16    0.08    0.08    0.48
29      0.16    0.08    0.09    0.52
30      0.19    0.12    0.02    0.59
31      0.15    0.09    0.05    0.54
32      0.15    0.08    0.08    0.54
33      0.16    0.09    0.08    0.48
34      0.18    0.11    0.07    0.60
35      0.18    0.11    0.07    0.53
36      0.15    0.10    0.06    0.48
37      0.18    0.10    0.08    0.48
38      0.18    0.09    0.09    0.54
39      0.18    0.10    0.09    0.68
40      0.17    0.12    0.06    0.67
41      0.16    0.10    0.02    0.53
42      0.16    0.08    0.08    0.45
43      0.18    0.14    0.10    0.61
44      0.26    0.16    0.11    0.66
45      0.26    0.16    0.11    0.81
46      0.24    0.15    0.08    0.58
47      0.14    0.08    0.06    0.48
48      0.19    0.09    0.10    0.53
49      0.20    0.07    0.12    0.59
50      0.26    0.15    0.15    0.72
51      0.17    0.07    0.07    0.72
52      0.18    0.10    0.09    0.56
53      0.22    0.12    0.09    0.60
54      0.19    0.12    0.15    0.68
55      0.19    0.12    0.06    0.80
56      0.14    0.12    0.02    0.58
57      0.14    0.12    0.02    0.46
58      0.15    0.12    0.05    0.49
59      0.15    0.12    0.04    0.45
60      0.18    0.11    0.06    0.48
61      0.15    0.10    0.06    0.48
62      0.17    0.10    0.07    0.48
63      0.18    0.10    0.07    0.51
64      0.19    0.10    0.09    0.53
65      0.20    0.11    0.09    0.61
66      0.24    0.12    0.13    0.70
67      0.24    0.14    0.11    0.83
68      0.24    0.19    0.09    0.91
69      0.19    0.17    0.02    1.00
70      0.08    0.10    -0.01   0.62
71      0.11    0.13    -0.02   0.45
72      0.15    0.15    0.00    0.46
73      0.15    0.15    0.00    0.52
74      0.15    0.13    0.02    0.50
75      0.16    0.13    0.04    0.51
76      0.16    0.11    0.05    0.55
77      0.13    0.10    0.03    0.48
78      0.17    0.13    0.05    0.47
79      0.17    0.12    0.05    0.49
80      0.18    0.12    0.05    0.45
81      0.17    0.10    0.06    0.49
82      0.18    0.09    0.07    0.51
83      0.18    0.09    0.07    0.47
84      0.21    0.12    0.10    0.58
85      0.22    0.12    0.06    0.50
86      0.21    0.12    0.09    0.57
87      0.22    0.14    0.08    0.69
88      0.21    0.13    0.08    0.62
89      0.18    0.12    0.07    0.49
90      0.18    0.10    0.07    0.51
91      0.20    0.09    0.10    0.49
92      0.21    0.13    0.09    0.58
93      0.22    0.13    0.08    0.71
94      0.21    0.15    0.06    0.81
95      0.18    0.15    0.03    0.49
96      0.17    0.13    0.04    0.52
97      0.00    0.00    0.00    0.00
98      0.00    0.00    0.00    0.00
99      0.00    0.00    0.00    0.00
