SampleLeft, LeftBump, RightBump, D_leftCar,averSpd
0       0.02    0.02    0.01    0.38
1       0.01    0.01    0.01    0.52
2       0.02    0.01    -0.01   0.36
3       0.11    0.01    0.13    0.50
4       0.19    0.01    0.17    0.67
5       0.18    0.00    0.19    0.76
6       0.20    0.02    0.15    0.84
7       0.17    0.11    0.05    0.93
8       0.06    0.13    -0.06   0.54
9       0.07    0.17    -0.11   0.47
10      0.02    0.06    -0.03   0.03
11      0.02    0.06    -0.03   0.14
12      0.12    0.12    0.01    0.39
13      0.17    0.18    0.04    0.47
14      0.26    0.14    0.05    0.55
15      0.15    0.11    0.09    0.59
16      0.16    0.10    0.10    0.65
17      0.15    0.12    -0.03   0.67
18      0.12    0.10    0.03    0.56
19      0.14    0.10    0.03    0.48
20      0.15    0.11    0.04    0.51
21      0.15    0.09    0.05    0.52
22      0.15    0.10    0.05    0.49
23      0.16    0.09    0.01    0.51
24      0.15    0.09    0.07    0.50
25      0.17    0.09    0.08    0.50
26      0.18    0.10    0.07    0.64
27      0.15    0.09    0.06    0.55
28      0.18    0.11    -0.01   0.49
29      0.18    0.11    -0.01   0.51
30      0.17    0.09    0.07    0.52
31      0.16    0.08    0.09    0.57
32      0.19    0.09    0.10    0.66
33      0.25    0.11    0.07    0.57
34      0.14    0.09    0.05    0.49
35      0.17    0.12    0.06    0.45
36      0.18    0.10    0.08    0.49
37      0.20    0.11    0.09    0.59
38      0.17    0.13    0.04    0.70
39      0.17    0.13    0.04    0.55
40      0.14    0.10    0.04    0.48
41      0.15    0.11    0.05    0.44
42      0.17    0.10    0.07    0.49
43      0.20    0.10    0.10    0.58
44      0.19    0.10    0.10    0.57
45      0.21    0.14    0.08    0.71
46      0.14    0.09    0.05    0.58
47      0.18    0.10    0.08    0.48
48      0.17    0.10    0.07    0.49
49      0.19    0.09    0.06    0.50
50      0.19    0.09    0.06    0.52
51      0.18    0.14    0.08    0.57
52      0.19    0.10    0.09    0.62
53      0.19    0.12    0.07    0.60
54      0.15    0.08    0.08    0.48
55      0.17    0.09    0.10    0.53
56      0.19    0.12    0.09    0.61
57      0.20    0.11    0.09    0.65
58      0.17    0.09    0.07    0.82
59      0.12    0.07    0.06    0.54
60      0.12    0.07    0.06    0.48
61      0.18    0.11    0.07    0.48
62      0.20    0.11    0.10    0.56
63      0.19    0.11    0.08    0.62
64      0.19    0.12    0.07    0.62
65      0.18    0.12    0.10    0.56
66      0.18    0.12    0.05    0.58
67      0.18    0.11    0.07    0.50
68      0.19    0.11    0.05    0.48
69      0.18    0.09    0.09    0.49
70      0.18    0.09    0.09    0.60
71      0.22    0.14    0.08    0.54
72      0.20    0.13    0.08    0.51
73      0.21    0.11    0.05    0.48
74      0.21    0.11    0.11    0.55
75      0.23    0.10    0.14    0.68
76      0.22    0.10    0.13    0.72
77      0.22    0.15    0.10    0.83
78      0.22    0.14    0.07    0.95
79      0.16    0.12    0.04    0.53
80      0.18    0.11    0.05    0.53
81      0.19    0.11    0.09    0.49
82      0.19    0.11    0.09    0.55
83      0.21    0.12    0.10    0.74
84      0.22    0.12    0.08    0.83
85      0.21    0.14    0.06    0.60
86      0.18    0.12    0.06    0.49
87      0.17    0.09    0.08    0.56
88      0.23    0.14    0.08    0.60
89      0.22    0.15    0.08    0.73
90      0.22    0.14    0.08    0.77
91      0.18    0.13    0.05    0.52
92      0.18    0.13    0.05    0.48
93      0.17    0.12    0.05    0.49
94      0.19    0.13    0.05    0.48
95      0.19    0.12    0.08    0.51
96      0.23    0.14    0.10    0.56
97      0.24    0.10    0.13    0.56
98      0.00    0.00    0.00    0.00
99      0.00    0.00    0.00    0.00