SampleRight, LeftBump, RightBump, LeftSpd, D
0       0.01    0.01    0.32    0.00
1       0.01    0.01    0.52    0.00
2       0.00    0.00    0.53    0.01
3       0.00    0.00    0.47    0.00
4       0.00    0.00    0.51    0.00
5       0.01    0.00    0.49    -0.01
6       0.01    0.00    0.53    0.00
7       0.00    0.00    0.49    0.00
8       0.00    0.00    0.25    0.00
9       0.06    0.11    0.47    -0.05
10      0.04    0.08    0.49    -0.03
11      0.05    0.07    0.48    -0.02
12      0.04    0.07    0.54    -0.03
13      0.05    0.08    0.45    -0.03
14      0.03    0.06    0.52    -0.03
15      0.05    0.07    0.49    -0.02
16      0.05    0.07    0.50    -0.02
17      0.04    0.05    0.50    -0.01
18      0.05    0.06    0.52    -0.01
19      0.05    0.05    0.53    -0.00
20      0.05    0.05    0.51    0.01
21      0.06    0.05    0.49    0.01
22      0.06    0.05    0.52    0.01
23      0.06    0.04    0.53    0.02
24      0.07    0.04    0.49    0.02
25      0.06    0.04    0.50    0.01
26      0.05    0.04    0.50    0.00
27      0.06    0.07    0.51    -0.00
28      0.05    0.05    0.54    0.00
29      0.05    0.05    0.50    -0.01
30      0.05    0.04    0.54    0.01
31      0.05    0.04    0.52    0.01
32      0.05    0.04    0.49    0.00
33      0.05    0.06    0.48    -0.02
34      0.08    0.06    0.48    -0.01
35      0.04    0.07    0.51    -0.01
36      0.05    0.05    0.49    -0.00
37      0.05    0.04    0.50    0.01
38      0.06    0.05    0.48    0.00
39      0.05    0.05    0.54    0.00
40      0.04    0.04    0.48    -0.00
41      0.03    0.07    0.50    -0.02
42      0.04    0.06    0.54    -0.02
43      0.06    0.05    0.49    -0.00
44      0.05    0.06    0.50    -0.01
45      0.06    0.05    0.50    0.01
46      0.05    0.04    0.54    0.02
47      0.05    0.03    0.47    0.01
48      0.04    0.04    0.51    0.01
49      0.04    0.04    0.49    0.00
50      0.05    0.07    0.52    -0.02
51      0.03    0.06    0.49    -0.03
52      0.03    0.05    0.48    -0.02
53      0.04    0.07    0.50    -0.02
54      0.04    0.06    0.50    -0.02
55      0.03    0.04    0.57    -0.01
56      0.05    0.05    0.49    0.00
57      0.05    0.05    0.49    0.01
58      0.05    0.03    0.56    0.02
59      0.06    0.04    0.50    0.01
60      0.05    0.04    0.51    0.01
61      0.04    0.04    0.51    0.00
62      0.06    0.06    0.52    0.00
63      0.04    0.05    0.50    -0.01
64      0.04    0.09    0.51    -0.02
65      0.04    0.06    0.49    -0.02
66      0.03    0.04    0.51    -0.01
67      0.04    0.04    0.51    0.00
68      0.05    0.04    0.48    0.00
69      0.04    0.04    0.51    0.00
70      0.05    0.04    0.48    0.02
71      0.05    0.03    0.49    0.02
72      0.05    0.03    0.52    0.02
73      0.05    0.04    0.50    0.02
74      0.05    0.04    0.53    -0.01
75      0.03    0.04    0.48    -0.01
76      0.04    0.05    0.51    -0.01
77      0.05    0.05    0.52    0.01
78      0.04    0.03    0.52    0.00
79      0.05    0.04    0.49    0.01
80      0.04    0.03    0.52    0.01
81      0.04    0.02    0.45    0.02
82      0.06    0.03    0.52    0.03
83      0.05    0.03    0.54    0.02
84      0.04    0.03    0.47    0.01
85      0.03    0.03    0.55    -0.00
86      0.03    0.05    0.45    -0.00
87      0.03    0.04    0.47    -0.01
88      0.04    0.05    0.50    0.01
89      0.04    0.02    0.49    0.02
90      0.05    0.03    0.51    0.01
91      0.04    0.02    0.53    0.02
92      0.00    0.00    0.00    0.00
93      0.00    0.00    0.00    0.00
94      0.00    0.00    0.00    0.00
95      0.00    0.00    0.00    0.00
96      0.00    0.00    0.00    0.00
97      0.00    0.00    0.00    0.00
98      0.00    0.00    0.00    0.00
99      0.00    0.00    0.00    0.00