SampleRight, LeftBump, RightBump, LeftSpd, D
0       0.01    0.01    0.33    0.01
1       0.01    0.01    0.50    -0.00
2       0.01    0.01    0.52    0.00
3       0.01    0.01    0.54    0.02
4       0.00    0.01    0.48    0.00
5       0.01    0.01    0.51    0.00
6       0.00    0.01    0.49    -0.00
7       0.00    0.01    0.48    -0.00
8       0.00    0.00    0.35    -0.02
9       0.01    0.13    0.50    -0.10
10      0.04    0.08    0.50    -0.04
11      0.08    0.13    0.26    -0.04
12      0.02    0.11    0.27    -0.09
13      0.03    0.09    0.47    -0.06
14      0.05    0.11    0.16    -0.06
15      0.03    0.11    0.34    -0.08
16      0.03    0.09    0.50    -0.07
17      0.03    0.09    0.52    -0.06
18      0.04    0.10    0.50    -0.06
19      0.03    0.08    0.50    -0.05
20      0.04    0.09    0.53    -0.05
21      0.04    0.09    0.52    -0.06
22      0.03    0.09    0.54    -0.06
23      0.03    0.09    0.48    -0.05
24      0.03    0.09    0.51    -0.04
25      0.04    0.09    0.49    -0.05
26      0.05    0.10    0.48    -0.04
27      0.03    0.07    0.54    -0.04
28      0.06    0.10    0.49    -0.04
29      0.05    0.07    0.49    -0.03
30      0.05    0.09    0.50    -0.03
31      0.04    0.09    0.54    -0.04
32      0.05    0.08    0.54    -0.03
33      0.04    0.07    0.48    -0.02
34      0.05    0.08    0.52    -0.03
35      0.05    0.08    0.49    -0.03
36      0.04    0.07    0.48    -0.03
37      0.05    0.08    0.49    -0.03
38      0.06    0.07    0.48    -0.02
39      0.05    0.07    0.43    -0.02
40      0.04    0.07    0.42    -0.03
41      0.04    0.08    0.50    -0.04
42      0.03    0.09    0.44    -0.04
43      0.05    0.10    0.48    -0.05
44      0.04    0.09    0.52    -0.04
45      0.03    0.08    0.46    -0.05
46      0.04    0.09    0.54    -0.04
47      0.05    0.09    0.47    -0.04
48      0.03    0.08    0.50    -0.05
49      0.03    0.09    0.51    -0.05
50      0.03    0.08    0.52    -0.05
51      0.03    0.08    0.50    -0.04
52      0.03    0.06    0.51    -0.03
53      0.05    0.08    0.47    -0.02
54      0.05    0.07    0.49    -0.02
55      0.06    0.08    0.48    -0.02
56      0.05    0.07    0.53    -0.01
57      0.05    0.06    0.49    -0.01
58      0.06    0.09    0.51    -0.01
59      0.06    0.07    0.52    -0.01
60      0.06    0.07    0.50    -0.01
61      0.06    0.07    0.48    -0.01
62      0.07    0.07    0.49    -0.00
63      0.06    0.06    0.51    0.00
64      0.07    0.07    0.50    0.00
65      0.06    0.05    0.50    0.01
66      0.07    0.07    0.48    0.01
67      0.07    0.07    0.48    0.01
68      0.06    0.06    0.52    0.01
69      0.07    0.06    0.50    0.00
70      0.06    0.06    0.49    -0.00
71      0.06    0.06    0.49    -0.00
72      0.07    0.06    0.51    0.01
73      0.06    0.06    0.47    0.00
74      0.06    0.06    0.52    0.00
75      0.05    0.05    0.51    -0.01
76      0.05    0.06    0.53    -0.01
77      0.05    0.05    0.50    0.00
78      0.06    0.06    0.51    0.00
79      0.05    0.06    0.53    -0.01
80      0.05    0.06    0.51    -0.01
81      0.07    0.07    0.48    -0.01
82      0.06    0.06    0.47    -0.01
83      0.09    0.07    0.52    -0.00
84      0.07    0.06    0.51    0.00
85      0.06    0.05    0.48    0.01
86      0.07    0.06    0.53    0.01
87      0.06    0.07    0.50    -0.01
88      0.05    0.06    0.49    -0.02
89      0.07    0.11    0.49    -0.04
90      0.04    0.09    0.53    -0.05
91      0.05    0.09    0.49    -0.04
92      0.05    0.10    0.48    -0.04
93      0.00    0.00    0.00    0.00
94      0.00    0.00    0.00    0.00
95      0.00    0.00    0.00    0.00
96      0.00    0.00    0.00    0.00
97      0.00    0.00    0.00    0.00
98      0.00    0.00    0.00    0.00
99      0.00    0.00    0.00    0.00