SampleRight, LeftBump, RightBump, LeftSpd, D
0       0.01    0.01    0.30    0.00
1       0.01    0.01    0.54    -0.00
2       0.01    0.01    0.49    0.00
3       0.00    0.00    0.49    -0.00
4       0.00    0.01    0.44    -0.01
5       0.00    0.00    0.49    -0.01
6       0.00    0.00    0.52    -0.00
7       0.00    0.00    0.53    0.00
8       0.21    0.39    0.18    -0.09
9       0.05    0.11    0.41    -0.06
10      0.02    0.06    0.14    -0.05
11      0.04    0.13    0.33    -0.08
12      0.05    0.08    0.49    -0.03
13      0.07    0.07    0.52    0.01
14      0.09    0.05    0.51    0.03
15      0.08    0.04    0.57    0.03
16      0.10    0.06    0.46    0.04
17      0.07    0.04    0.54    0.03
18      0.07    0.04    0.48    0.03
19      0.08    0.04    0.50    0.04
20      0.07    0.04    0.53    0.04
21      0.08    0.04    0.49    0.03
22      0.07    0.03    0.53    0.04
23      0.08    0.04    0.49    0.04
24      0.07    0.04    0.51    0.03
25      0.07    0.04    0.54    0.04
26      0.07    0.04    0.48    0.07
27      0.07    0.04    0.51    0.04
28      0.05    0.02    0.50    0.03
29      0.07    0.04    0.54    0.03
30      0.05    0.04    0.53    0.02
31      0.02    0.03    0.50    -0.01
32      0.04    0.05    0.47    -0.02
33      0.05    0.07    0.50    -0.02
34      0.05    0.06    0.51    -0.01
35      0.06    0.07    0.51    -0.01
36      0.05    0.06    0.49    -0.01
37      0.05    0.05    0.52    -0.01
38      0.06    0.06    0.50    -0.00
39      0.06    0.06    0.52    0.00
40      0.08    0.06    0.51    -0.01
41      0.05    0.06    0.50    -0.01
42      0.06    0.06    0.48    -0.01
43      0.05    0.06    0.49    -0.01
44      0.05    0.06    0.45    -0.01
45      0.05    0.06    0.56    -0.01
46      0.04    0.05    0.50    -0.00
47      0.05    0.04    0.52    0.01
48      0.06    0.05    0.49    0.01
49      0.06    0.05    0.50    0.02
50      0.06    0.04    0.52    0.02
51      0.06    0.04    0.52    0.02
52      0.06    0.04    0.52    0.02
53      0.05    0.04    0.50    0.02
54      0.09    0.04    0.51    0.03
55      0.07    0.04    0.50    0.03
56      0.07    0.04    0.50    0.03
57      0.09    0.04    0.51    0.04
58      0.07    0.04    0.51    0.04
59      0.06    0.03    0.48    0.02
60      0.08    0.05    0.55    0.03
61      0.07    0.03    0.51    0.04
62      0.06    0.03    0.54    0.03
63      0.07    0.04    0.55    0.03
64      0.06    0.03    0.48    0.02
65      0.07    0.05    0.51    0.03
66      0.10    0.03    0.54    0.03
67      0.07    0.02    0.51    0.04
68      0.06    0.03    0.49    0.04
69      0.05    0.04    0.49    0.02
70      0.04    0.04    0.51    -0.00
71      0.04    0.05    0.49    -0.01
72      0.05    0.05    0.48    0.00
73      0.04    0.03    0.53    0.01
74      0.05    0.04    0.47    0.01
75      0.06    0.04    0.46    0.01
76      0.06    0.03    0.50    0.02
77      0.07    0.03    0.52    0.04
78      0.07    0.02    0.47    0.04
79      0.10    0.03    0.51    0.05
80      0.06    0.02    0.50    0.04
81      0.05    0.03    0.48    0.02
82      0.06    0.04    0.49    0.01
83      0.05    0.04    0.53    -0.00
84      0.05    0.05    0.49    0.00
85      0.05    0.05    0.54    -0.02
86      0.06    0.05    0.53    0.01
87      0.06    0.04    0.50    0.02
88      0.06    0.04    0.46    0.02
89      0.05    0.03    0.43    0.01
90      0.07    0.05    0.47    0.02
91      0.05    0.05    0.46    0.01
92      0.00    0.00    0.00    0.00
93      0.00    0.00    0.00    0.00
94      0.00    0.00    0.00    0.00
95      0.00    0.00    0.00    0.00
96      0.00    0.00    0.00    0.00
97      0.00    0.00    0.00    0.00
98      0.00    0.00    0.00    0.00
99      0.00    0.00    0.00    0.00
