SampleRight, LeftBump, RightBump, LeftSpd, D
0       0.01    0.01    0.36    0.01
1       0.01    0.01    0.52    0.00
2       0.01    0.01    0.52    0.00
3       0.00    0.00    0.49    -0.00
4       0.00    0.01    0.52    0.00
5       0.01    0.01    0.49    0.00
6       0.01    0.01    0.52    0.00
7       0.00    0.00    0.51    0.00
8       0.00    0.04    0.27    -0.07
9       0.07    0.11    0.45    -0.04
10      0.07    0.05    0.48    0.01
11      0.09    0.05    0.53    0.04
12      0.07    0.03    0.52    0.05
13      0.09    0.04    0.52    0.05
14      0.07    0.04    0.49    0.03
15      0.08    0.04    0.49    0.04
16      0.08    0.04    0.49    0.04
17      0.07    0.03    0.49    0.04
18      0.07    0.04    0.52    0.03
19      0.06    0.05    0.51    0.01
20      0.07    0.06    0.45    0.02
21      0.08    0.05    0.51    0.02
22      0.07    0.05    0.49    0.03
23      0.07    0.05    0.47    0.02
24      0.10    0.05    0.51    0.03
25      0.07    0.05    0.50    0.02
26      0.06    0.05    0.52    0.01
27      0.06    0.06    0.48    0.01
28      0.06    0.06    0.51    0.01
29      0.06    0.05    0.50    0.01
30      0.06    0.03    0.55    0.02
31      0.07    0.04    0.48    0.03
32      0.07    0.04    0.54    0.03
33      0.06    0.04    0.49    0.02
34      0.06    0.04    0.49    0.01
35      0.06    0.05    0.49    0.02
36      0.06    0.04    0.52    0.02
37      0.09    0.06    0.52    0.02
38      0.06    0.04    0.49    0.02
39      0.07    0.05    0.51    0.02
40      0.06    0.06    0.49    0.00
41      0.09    0.06    0.52    0.00
42      0.06    0.05    0.48    0.01
43      0.06    0.05    0.49    0.01
44      0.06    0.05    0.50    0.00
45      0.06    0.07    0.50    -0.00
46      0.07    0.06    0.51    -0.02
47      0.05    0.09    0.49    -0.01
48      0.05    0.06    0.48    -0.01
49      0.05    0.06    0.46    -0.00
50      0.07    0.06    0.52    0.01
51      0.06    0.05    0.53    0.02
52      0.06    0.03    0.49    0.02
53      0.06    0.04    0.51    0.02
54      0.06    0.05    0.48    0.01
55      0.07    0.04    0.53    0.03
56      0.08    0.04    0.54    0.04
57      0.06    0.04    0.49    0.03
58      0.07    0.03    0.54    0.04
59      0.06    0.03    0.52    0.04
60      0.05    0.03    0.52    0.03
61      0.05    0.05    0.49    0.01
62      0.05    0.05    0.55    -0.00
63      0.05    0.06    0.50    -0.02
64      0.04    0.05    0.46    -0.01
65      0.06    0.09    0.44    -0.02
66      0.05    0.07    0.53    -0.01
67      0.05    0.06    0.51    -0.01
68      0.06    0.07    0.51    -0.01
69      0.05    0.06    0.51    -0.01
70      0.05    0.05    0.51    0.00
71      0.05    0.05    0.54    0.01
72      0.06    0.06    0.49    0.00
73      0.06    0.05    0.54    0.01
74      0.05    0.05    0.52    0.00
75      0.06    0.06    0.49    0.00
76      0.06    0.07    0.51    0.01
77      0.06    0.05    0.52    0.02
78      0.06    0.05    0.49    0.01
79      0.06    0.05    0.53    0.01
80      0.06    0.05    0.48    0.01
81      0.04    0.06    0.51    -0.01
82      0.05    0.06    0.52    -0.01
83      0.06    0.07    0.46    -0.01
84      0.07    0.07    0.51    -0.01
85      0.06    0.05    0.51    0.01
86      0.04    0.05    0.47    0.00
87      0.05    0.06    0.52    0.00
88      0.04    0.06    0.50    -0.05
89      0.01    0.06    0.48    -0.05
90      0.02    0.08    0.51    -0.06
91      0.03    0.08    0.50    -0.05
92      0.04    0.07    0.53    -0.05
93      0.00    0.00    0.00    0.00
94      0.00    0.00    0.00    0.00
95      0.00    0.00    0.00    0.00
96      0.00    0.00    0.00    0.00
97      0.00    0.00    0.00    0.00
98      0.00    0.00    0.00    0.00
99      0.00    0.00    0.00    0.00