SampleRight, LeftBump, RightBump, LeftSpd, D
0       0.01    0.01    0.28    0.00
1       0.01    0.01    0.59    0.00
2       0.00    0.01    0.51    -0.00
3       0.01    0.01    0.48    -0.01
4       0.01    0.01    0.48    -0.00
5       0.01    0.01    0.48    0.00
6       0.01    0.00    0.51    0.00
7       0.00    0.00    0.51    0.00
8       0.02    0.14    0.33    -0.14
9       0.04    0.15    0.56    -0.10
10      0.05    0.10    0.60    -0.05
11      -0.00   0.00    0.27    0.00
12      0.01    0.19    0.26    -0.16
13      0.01    0.13    0.49    -0.14
14      0.08    0.12    0.53    -0.04
15      0.07    0.12    0.29    -0.04
16      0.04    0.12    0.27    -0.08
17      0.04    0.10    0.54    -0.05
18      0.04    0.07    0.21    -0.04
19      0.05    0.10    0.28    -0.06
20      0.04    0.10    0.53    -0.06
21      0.04    0.10    0.49    -0.05
22      0.04    0.09    0.52    -0.04
23      0.04    0.08    0.48    -0.05
24      0.05    0.09    0.50    -0.07
25      0.04    0.09    0.49    -0.04
26      0.05    0.09    0.54    -0.03
27      0.05    0.09    0.50    -0.03
28      0.05    0.08    0.52    -0.03
29      0.05    0.08    0.51    -0.03
30      0.06    0.08    0.49    -0.03
31      0.05    0.08    0.53    -0.02
32      0.06    0.07    0.51    -0.01
33      0.05    0.07    0.51    -0.02
34      0.05    0.06    0.51    -0.02
35      0.06    0.07    0.51    -0.01
36      0.07    0.08    0.50    -0.01
37      0.05    0.07    0.47    -0.02
38      0.07    0.08    0.47    -0.02
39      0.06    0.08    0.50    -0.02
40      0.06    0.07    0.49    -0.02
41      0.06    0.08    0.52    -0.02
42      0.08    0.10    0.48    0.01
43      0.05    0.08    0.51    -0.03
44      0.06    0.08    0.52    -0.02
45      0.05    0.07    0.48    -0.01
46      0.06    0.08    0.51    -0.02
47      0.06    0.07    0.48    -0.01
48      0.05    0.06    0.51    -0.01
49      0.05    0.06    0.53    -0.01
50      0.06    0.06    0.48    -0.01
51      0.07    0.06    0.48    -0.00
52      0.06    0.06    0.53    0.00
53      0.07    0.06    0.52    0.01
54      0.07    0.06    0.48    0.01
55      0.08    0.06    0.52    -0.00
56      0.07    0.06    0.49    0.01
57      0.07    0.05    0.50    0.02
58      0.08    0.06    0.48    0.01
59      0.06    0.06    0.51    0.01
60      0.06    0.04    0.48    0.01
61      0.07    0.07    0.47    0.00
62      0.06    0.05    0.52    0.01
63      0.07    0.06    0.51    0.01
64      0.08    0.05    0.46    0.01
65      0.07    0.08    0.46    -0.01
66      0.06    0.06    0.55    -0.01
67      0.06    0.06    0.48    0.00
68      0.06    0.07    0.52    -0.00
69      0.06    0.06    0.51    -0.00
70      0.06    0.07    0.51    -0.00
71      0.06    0.07    0.50    -0.01
72      0.06    0.07    0.50    -0.01
73      0.07    0.07    0.48    0.02
74      0.05    0.06    0.51    -0.01
75      0.06    0.06    0.50    0.00
76      0.06    0.06    0.53    0.00
77      0.06    0.05    0.48    0.01
78      0.07    0.06    0.47    0.01
79      0.08    0.05    0.50    0.01
80      0.07    0.06    0.49    0.02
81      0.08    0.05    0.51    0.03
82      0.09    0.05    0.50    0.04
83      0.11    0.05    0.46    0.04
84      0.10    0.04    0.42    0.03
85      0.09    0.06    0.39    0.03
86      0.09    0.07    0.43    0.02
87      0.07    0.06    0.50    0.01
88      0.08    0.08    0.45    0.01
89      0.08    0.06    0.48    0.01
90      0.08    0.07    0.49    0.02
91      0.08    0.06    0.51    0.02
92      0.00    0.00    0.00    0.00
93      0.00    0.00    0.00    0.00
94      0.00    0.00    0.00    0.00
95      0.00    0.00    0.00    0.00
96      0.00    0.00    0.00    0.00
97      0.00    0.00    0.00    0.00
98      0.00    0.00    0.00    0.00
99      0.00    0.00    0.00    0.00