SampleRight, LeftBump, RightBump, LeftSpd, D
0       0.01    0.01    0.29    0.00
1       0.01    0.01    0.51    0.00
2       0.01    0.01    0.53    -0.00
3       0.00    0.00    0.47    0.03
4       0.01    0.01    0.51    -0.00
5       0.01    0.00    0.56    0.00
6       0.00    0.00    0.47    -0.01
7       0.00    0.00    0.52    0.00
8       0.00    0.07    0.34    -0.14
9       0.05    0.07    0.42    -0.02
10      0.04    0.04    0.11    -0.01
11      0.06    0.08    0.35    -0.02
12      0.06    0.07    0.51    -0.01
13      0.06    0.07    0.52    -0.01
14      0.06    0.07    0.51    -0.01
15      0.07    0.07    0.49    -0.00
16      0.06    0.05    0.51    0.00
17      0.07    0.06    0.48    0.01
18      0.07    0.06    0.45    0.01
19      0.06    0.06    0.53    0.01
20      0.07    0.05    0.49    0.01
21      0.06    0.05    0.45    0.01
22      0.07    0.06    0.51    0.02
23      0.06    0.05    0.51    0.02
24      0.06    0.04    0.51    0.02
25      0.06    0.04    0.53    0.03
26      0.08    0.04    0.47    0.03
27      0.07    0.04    0.52    0.03
28      0.06    0.05    0.52    0.02
29      0.06    0.04    0.51    0.03
30      0.07    0.05    0.54    0.02
31      0.05    0.04    0.49    -0.00
32      0.07    0.04    0.52    0.00
33      0.07    0.04    0.50    0.01
34      0.07    0.04    0.50    0.03
35      0.07    0.04    0.53    0.04
36      0.08    0.04    0.48    0.05
37      0.06    0.03    0.52    0.04
38      0.08    0.04    0.52    0.05
39      0.06    0.03    0.51    0.03
40      0.06    0.04    0.49    0.01
41      0.07    0.05    0.54    0.02
42      0.07    0.04    0.50    0.03
43      0.05    0.04    0.52    0.01
44      0.04    0.04    0.52    0.00
45      0.05    0.04    0.50    0.00
46      0.05    0.04    0.51    0.03
47      0.05    0.04    0.51    0.01
48      0.04    0.02    0.49    0.02
49      0.04    0.07    0.52    0.00
50      0.05    0.05    0.50    0.00
51      0.04    0.04    0.48    0.00
52      0.04    0.05    0.51    -0.00
53      0.03    0.05    0.48    -0.02
54      0.03    0.05    0.51    -0.02
55      0.03    0.06    0.48    -0.02
56      0.04    0.06    0.49    -0.02
57      0.03    0.05    0.55    -0.01
58      0.04    0.05    0.44    -0.01
59      0.05    0.07    0.53    -0.02
60      0.04    0.05    0.49    -0.01
61      0.04    0.04    0.52    -0.00
62      0.05    0.05    0.48    0.00
63      0.05    0.05    0.52    0.01
64      0.04    0.04    0.49    -0.00
65      0.05    0.05    0.53    0.00
66      0.05    0.06    0.52    -0.00
67      0.02    0.05    0.48    -0.03
68      0.03    0.10    0.49    -0.07
69      0.00    0.07    0.48    -0.07
70      0.02    0.08    0.51    -0.06
71      0.02    0.07    0.51    -0.05
72      0.03    0.07    0.51    -0.04
73      0.04    0.06    0.51    -0.03
74      0.03    0.06    0.49    -0.03
75      0.04    0.06    0.48    -0.04
76      0.05    0.06    0.49    -0.01
77      0.05    0.06    0.51    -0.00
78      0.05    0.05    0.50    -0.00
79      0.06    0.05    0.52    0.01
80      0.06    0.05    0.51    0.02
81      0.07    0.05    0.50    0.02
82      0.06    0.04    0.51    0.02
83      0.06    0.04    0.48    0.02
84      0.05    0.04    0.51    0.02
85      0.05    0.04    0.51    0.01
86      0.05    0.04    0.51    0.01
87      0.07    0.05    0.50    0.02
88      0.06    0.04    0.52    0.02
89      0.07    0.05    0.45    0.01
90      0.04    0.02    0.52    0.01
91      0.05    0.05    0.52    0.01
92      0.04    0.04    0.45    -0.00
93      0.06    0.06    0.43    0.00
94      0.00    0.00    0.00    0.00
95      0.00    0.00    0.00    0.00
96      0.00    0.00    0.00    0.00
97      0.00    0.00    0.00    0.00
98      0.00    0.00    0.00    0.00
99      0.00    0.00    0.00    0.00
