SampleRight, LeftBump, RightBump, LeftSpd, D
0       0.02    0.01    0.29    0.01
1       0.01    0.01    0.55    0.00
2       0.01    0.01    0.48    0.00
3       0.01    0.00    0.54    -0.02
4       0.01    0.01    0.47    0.00
5       0.01    0.01    0.51    0.00
6       0.01    0.01    0.49    0.01
7       0.00    0.00    0.51    -0.00
8       0.18    0.10    0.17    0.03
9       0.04    0.09    0.39    -0.05
10      0.06    0.10    0.53    -0.01
11      0.06    0.06    0.51    0.01
12      0.09    0.04    0.53    0.06
13      0.09    0.02    0.53    0.07
14      0.07    0.01    0.52    0.06
15      0.06    0.03    0.52    0.03
16      0.05    0.04    0.52    0.02
17      0.03    0.06    0.49    -0.00
18      0.05    0.07    0.53    -0.02
19      0.03    0.06    0.46    -0.03
20      0.03    0.06    0.49    -0.03
21      0.04    0.06    0.50    -0.02
22      0.04    0.06    0.50    -0.04
23      0.04    0.05    0.50    -0.01
24      0.05    0.05    0.50    -0.00
25      0.05    0.05    0.50    0.00
26      0.06    0.04    0.49    0.01
27      0.05    0.04    0.52    0.01
28      0.06    0.03    0.53    0.03
29      0.05    0.04    0.50    0.02
30      0.05    0.03    0.49    0.01
31      0.05    0.04    0.49    0.01
32      0.06    0.04    0.51    0.02
33      0.05    0.03    0.52    0.02
34      0.05    0.03    0.49    0.02
35      0.05    0.03    0.52    0.02
36      0.04    0.03    0.51    0.00
37      0.04    0.05    0.50    -0.01
38      0.03    0.04    0.47    -0.02
39      0.04    0.05    0.49    -0.02
40      0.04    0.06    0.57    -0.01
41      0.05    0.05    0.53    -0.00
42      0.05    0.03    0.54    0.01
43      0.04    0.04    0.52    0.01
44      0.04    0.03    0.47    0.00
45      0.04    0.04    0.54    -0.00
46      0.04    0.05    0.48    -0.01
47      0.03    0.04    0.52    -0.00
48      0.04    0.04    0.52    0.01
49      0.05    0.05    0.51    0.01
50      0.05    0.03    0.52    0.03
51      0.04    0.02    0.50    0.02
52      0.04    0.02    0.49    0.02
53      0.03    0.03    0.47    0.00
54      0.05    0.06    0.51    -0.00
55      0.04    0.04    0.50    0.00
56      0.04    0.06    0.58    0.01
57      0.05    0.04    0.46    0.01
58      0.06    0.03    0.55    0.02
59      0.06    0.03    0.52    0.03
60      0.06    0.03    0.48    0.03
61      0.06    0.03    0.54    0.03
62      0.04    0.02    0.51    0.01
63      0.04    0.03    0.51    0.01
64      0.05    0.05    0.45    0.00
65      0.06    0.04    0.52    0.01
66      0.04    0.03    0.50    0.02
67      0.05    0.03    0.52    0.02
68      0.06    0.02    0.50    0.04
69      0.07    0.02    0.51    0.04
70      0.06    0.03    0.55    0.03
71      0.07    0.04    0.45    0.04
72      0.06    0.03    0.48    0.04
73      0.06    0.01    0.50    0.05
74      0.07    0.01    0.51    0.06
75      0.07    0.01    0.49    0.06
76      0.07    0.02    0.50    0.06
77      0.08    0.03    0.47    0.05
78      0.07    0.02    0.52    0.04
79      0.08    0.02    0.47    0.05
80      0.08    0.01    0.49    0.06
81      0.06    0.00    0.51    0.05
82      0.05    0.01    0.52    0.05
83      0.06    0.02    0.51    0.04
84      0.05    0.04    0.49    0.02
85      0.05    0.05    0.50    0.01
86      0.04    0.05    0.50    -0.00
87      0.05    0.04    0.49    0.01
88      0.05    0.03    0.49    0.02
89      0.06    0.01    0.48    0.04
90      0.04    0.02    0.51    0.03
91      0.05    0.02    0.52    0.03
92      0.00    0.00    0.00    0.00
93      0.00    0.00    0.00    0.00
94      0.00    0.00    0.00    0.00
95      0.00    0.00    0.00    0.00
96      0.00    0.00    0.00    0.00
97      0.00    0.00    0.00    0.00
98      0.00    0.00    0.00    0.00
99      0.00    0.00    0.00    0.00