SampleRight, LeftBump, RightBump, LeftSpd, D
0       0.01    0.01    0.33    0.00
1       0.00    0.01    0.50    0.00
2       0.01    0.01    0.55    0.00
3       0.00    0.00    0.49    -0.00
4       0.00    0.00    0.51    -0.00
5       0.00    0.01    0.51    -0.00
6       0.00    0.01    0.49    0.00
7       0.01    0.01    0.54    -0.01
8       0.00    0.00    0.45    -0.00
9       0.00    0.00    0.26    0.00
10      0.05    0.15    0.45    -0.08
11      0.06    0.07    0.47    -0.02
12      0.09    0.08    0.56    0.00
13      0.07    0.07    0.51    0.00
14      0.08    0.07    0.51    0.01
15      0.07    0.06    0.51    0.01
16      0.06    0.06    0.50    0.01
17      0.07    0.08    0.47    -0.01
18      0.06    0.06    0.54    -0.01
19      0.06    0.07    0.51    0.01
20      0.06    0.07    0.47    -0.01
21      0.06    0.06    0.52    -0.01
22      0.06    0.06    0.52    0.00
23      0.07    0.06    0.49    0.01
24      0.07    0.06    0.50    0.01
25      0.06    0.05    0.52    0.01
26      0.07    0.05    0.50    0.01
27      0.06    0.06    0.49    0.01
28      0.09    0.05    0.49    0.02
29      0.07    0.05    0.51    0.02
30      0.07    0.05    0.49    0.02
31      0.06    0.04    0.50    0.02
32      0.07    0.05    0.52    0.02
33      0.06    0.05    0.47    0.01
34      0.05    0.04    0.50    0.01
35      0.07    0.05    0.51    0.03
36      0.06    0.04    0.50    0.02
37      0.05    0.04    0.52    0.01
38      0.07    0.06    0.50    0.01
39      0.05    0.04    0.50    0.01
40      0.07    0.05    0.53    0.02
41      0.08    0.06    0.45    0.03
42      0.06    0.04    0.55    0.03
43      0.05    0.03    0.50    0.03
44      0.07    0.06    0.48    0.04
45      0.07    0.05    0.55    0.03
46      0.08    0.04    0.47    0.04
47      0.08    0.04    0.52    0.04
48      0.08    0.04    0.53    0.04
49      0.06    0.03    0.50    0.04
50      0.06    0.03    0.49    0.03
51      0.06    0.03    0.50    0.03
52      0.08    0.04    0.51    0.03
53      0.07    0.03    0.49    0.03
54      0.05    0.03    0.55    0.02
55      0.05    0.05    0.51    -0.01
56      0.05    0.05    0.50    -0.01
57      0.04    0.05    0.46    -0.01
58      0.07    0.05    0.55    0.01
59      0.05    0.04    0.50    0.01
60      0.05    0.04    0.46    0.01
61      0.05    0.05    0.52    -0.00
62      0.05    0.05    0.49    0.00
63      0.06    0.06    0.48    0.00
64      0.07    0.05    0.53    0.02
65      0.06    0.04    0.46    0.02
66      0.09    0.04    0.52    0.02
67      0.07    0.05    0.51    0.02
68      0.08    0.04    0.49    0.03
69      0.08    0.04    0.52    0.04
70      0.10    0.02    0.53    0.05
71      0.11    0.03    0.49    0.06
72      0.08    0.03    0.53    0.06
73      0.06    0.04    0.49    0.02
74      0.05    0.05    0.51    0.00
75      0.06    0.05    0.52    0.00
76      0.06    0.05    0.50    0.01
77      0.09    0.06    0.47    0.03
78      0.06    0.04    0.56    0.03
79      0.06    0.04    0.47    0.02
80      0.06    0.04    0.51    0.02
81      0.06    0.05    0.53    0.01
82      0.07    0.04    0.50    0.02
83      0.07    0.04    0.52    0.03
84      0.06    0.05    0.48    0.02
85      0.07    0.04    0.52    0.02
86      0.05    0.04    0.54    0.01
87      0.07    0.05    0.50    0.02
88      0.07    0.04    0.52    0.02
89      0.09    0.03    0.51    0.03
90      0.07    0.02    0.49    0.05
91      0.07    0.01    0.49    0.06
92      0.00    0.00    0.00    0.00
93      0.00    0.00    0.00    0.00
94      0.00    0.00    0.00    0.00
95      0.00    0.00    0.00    0.00
96      0.00    0.00    0.00    0.00
97      0.00    0.00    0.00    0.00
98      0.00    0.00    0.00    0.00
99      0.00    0.00    0.00    0.00