SampleLeft, LeftBump, RightBump, LeftSpd, RightSpd
0       0.00    0.00    0.16    0.29
1       0.00    0.00    0.53    0.47
2       0.00    0.00    0.12    0.17
3       0.00    0.00    0.19    0.20
4       0.00    0.00    0.32    0.31
5       0.00    0.00    0.33    0.38
6       0.00    0.00    0.41    0.42
7       0.00    0.00    0.50    0.55
8       0.00    0.00    0.43    0.45
9       0.00    0.00    0.47    0.55
10      0.00    0.00    0.37    0.45
11      0.00    0.00    0.48    0.51
12      0.00    0.00    0.55    0.48
13      0.00    0.00    0.59    0.46
14      0.00    0.00    0.57    0.54
15      0.00    0.00    0.59    0.52
16      0.00    0.00    0.53    0.49
17      0.00    0.00    0.52    0.48
18      0.00    0.00    0.55    0.48
19      0.00    0.00    0.53    0.47
20      0.00    0.00    0.51    0.51
21      0.00    0.00    0.54    0.52
22      0.00    0.00    0.34    0.46
23      0.00    0.00    0.41    0.51
24      0.00    0.00    0.49    0.46
25      0.00    0.00    0.53    0.47
26      0.00    0.00    0.53    0.51
27      0.00    0.00    0.51    0.52
28      0.00    0.00    0.55    0.51
29      0.00    0.00    0.51    0.52
30      0.00    0.00    0.48    0.49
31      0.00    0.00    0.53    0.46
32      0.00    0.00    0.47    0.50
33      0.00    0.00    0.46    0.50
34      0.00    0.00    0.39    0.48
35      0.00    0.00    0.41    0.47
36      0.00    0.00    0.46    0.49
37      0.00    0.00    0.49    0.45
38      0.00    0.00    0.52    0.50
39      0.00    0.00    0.49    0.44
40      0.00    0.00    0.48    0.50
41      0.00    0.00    0.45    0.47
42      0.00    0.00    0.33    0.45
43      0.00    0.00    0.38    0.46
44      0.00    0.00    0.50    0.46
45      0.00    0.00    0.50    0.41
46      0.00    0.00    0.48    0.40
47      0.00    0.00    0.46    0.46
48      0.00    0.00    0.46    0.38
49      0.00    0.00    0.34    0.43
50      0.00    0.00    0.29    0.43
51      0.00    0.00    0.41    0.38
52      0.00    0.00    0.45    0.37
53      0.00    0.00    0.47    0.39
54      0.00    0.00    0.41    0.40
55      0.00    0.00    0.21    0.37
56      0.00    0.00    0.34    0.37
57      0.00    0.00    0.42    0.41
58      0.00    0.00    0.46    0.42
59      0.00    0.00    0.24    0.32
60      0.00    0.00    0.27    0.36
61      0.00    0.00    0.37    0.34
62      0.00    0.00    0.40    0.34
63      0.00    0.00    0.34    0.34
64      0.00    0.00    0.28    0.36
65      0.00    0.00    0.39    0.37
66      0.00    0.00    0.39    0.35
67      0.00    0.00    0.39    0.41
68      0.00    0.00    0.20    0.32
69      0.00    0.00    0.31    0.28
70      0.00    0.00    0.38    0.32
71      0.00    0.00    0.43    0.37
72      0.00    0.00    0.30    0.36
73      0.00    0.00    0.27    0.33
74      0.00    0.00    0.32    0.32
75      0.00    0.00    0.45    0.41
76      0.00    0.00    0.35    0.39
77      0.00    0.00    0.26    0.37
78      0.00    0.00    0.37    0.33
79      0.00    0.00    0.46    0.34
80      0.00    0.00    0.40    0.35
81      0.00    0.00    0.19    0.32
82      0.00    0.00    0.34    0.32
83      0.00    0.00    0.37    0.32
84      0.00    0.00    0.19    0.33
85      0.00    0.00    0.26    0.30
86      0.00    0.00    0.36    0.30
87      0.00    0.00    0.22    0.30
88      0.00    0.00    0.22    0.25
89      0.00    0.00    0.37    0.28
90      0.00    0.00    0.30    0.28
91      0.00    0.00    0.21    0.28
92      0.00    0.00    0.30    0.22
93      0.00    0.00    0.38    0.24
94      0.00    0.00    0.36    0.33
95      0.00    0.00    0.22    0.28
96      0.00    0.00    0.27    0.26
97      0.00    0.00    0.16    0.31
98      0.00    0.00    0.23    0.25
99      0.00    0.00    0.00    0.00
