SampleLeft, LeftBump, RightBump, LeftSpd, RightSpd
0       0.00    0.00    0.21    0.14
1       0.00    0.00    0.23    0.34
2       0.00    0.00    0.23    0.23
3       0.00    0.00    0.31    0.33
4       0.00    0.00    0.33    0.37
5       0.00    0.00    0.35    0.39
6       0.00    0.00    0.33    0.36
7       0.00    0.00    0.34    0.50
8       0.00    0.00    0.38    0.48
9       0.00    0.00    0.38    0.46
10      0.00    0.00    0.32    0.48
11      0.00    0.00    0.39    0.48
12      0.00    0.00    0.51    0.47
13      0.00    0.00    0.47    0.45
14      0.00    0.00    0.52    0.48
15      0.00    0.00    0.48    0.51
16      0.00    0.00    0.52    0.44
17      0.00    0.00    0.51    0.52
18      0.00    0.00    0.52    0.51
19      0.00    0.00    0.53    0.46
20      0.00    0.00    0.51    0.54
21      0.00    0.00    0.52    0.52
22      0.00    0.00    0.52    0.47
23      0.00    0.00    0.52    0.55
24      0.00    0.00    0.56    0.56
25      0.00    0.00    0.53    0.52
26      0.00    0.00    0.55    0.52
27      0.00    0.00    0.60    0.56
28      0.00    0.00    0.51    0.50
29      0.00    0.00    0.55    0.55
30      0.00    0.00    0.53    0.49
31      0.00    0.00    0.54    0.47
32      0.00    0.00    0.56    0.52
33      0.00    0.00    0.38    0.46
34      0.00    0.00    0.42    0.44
35      0.00    0.00    0.50    0.43
36      0.00    0.00    0.54    0.45
37      0.00    0.00    0.51    0.50
38      0.00    0.00    0.34    0.51
39      0.00    0.00    0.38    0.43
40      0.00    0.00    0.46    0.37
41      0.00    0.00    0.48    0.41
42      0.00    0.00    0.33    0.45
43      0.00    0.00    0.37    0.35
44      0.00    0.00    0.42    0.37
45      0.00    0.00    0.46    0.40
46      0.00    0.00    0.34    0.41
47      0.00    0.00    0.33    0.39
48      0.00    0.00    0.41    0.38
49      0.00    0.00    0.47    0.45
50      0.00    0.00    0.47    0.43
51      0.00    0.00    0.31    0.41
52      0.00    0.00    0.37    0.35
53      0.00    0.00    0.45    0.36
54      0.00    0.00    0.45    0.37
55      0.00    0.00    0.31    0.42
56      0.00    0.00    0.36    0.45
57      0.00    0.00    0.42    0.37
58      0.00    0.00    0.46    0.38
59      0.00    0.00    0.43    0.38
60      0.00    0.00    0.33    0.38
61      0.00    0.00    0.37    0.33
62      0.00    0.00    0.39    0.32
63      0.00    0.00    0.31    0.38
64      0.00    0.00    0.37    0.38
65      0.00    0.00    0.41    0.36
66      0.00    0.00    0.44    0.36
67      0.00    0.00    0.39    0.41
68      0.00    0.00    0.33    0.46
69      0.00    0.00    0.38    0.40
70      0.00    0.00    0.43    0.41
71      0.00    0.00    0.44    0.42
72      0.00    0.00    0.37    0.43
73      0.00    0.00    0.36    0.47
74      0.00    0.00    0.46    0.40
75      0.00    0.00    0.47    0.43
76      0.00    0.00    0.55    0.47
77      0.00    0.00    0.42    0.47
78      0.00    0.00    0.39    0.42
79      0.00    0.00    0.42    0.39
80      0.00    0.00    0.44    0.39
81      0.00    0.00    0.46    0.42
82      0.00    0.00    0.47    0.42
83      0.00    0.00    0.28    0.45
84      0.00    0.00    0.34    0.38
85      0.00    0.00    0.34    0.36
86      0.00    0.00    0.41    0.33
87      0.00    0.00    0.27    0.42
88      0.00    0.00    0.28    0.29
89      0.00    0.00    0.31    0.29
90      0.00    0.00    0.23    0.33
91      0.00    0.00    0.24    0.34
92      0.00    0.00    0.35    0.25
93      0.00    0.00    0.33    0.30
94      0.00    0.00    0.23    0.30
95      0.00    0.00    0.31    0.24
96      0.00    0.00    0.34    0.29
97      0.00    0.00    0.24    0.30
98      0.00    0.00    0.28    0.21
99      0.00    0.00    0.29    0.17
