SampleLeft, LeftBump, RightBump, LeftSpd, RightSpd
0       0.00    0.00    0.23    0.19
1       0.00    0.00    0.21    0.26
2       0.00    0.00    0.23    0.27
3       0.00    0.00    0.37    0.37
4       0.00    0.00    0.41    0.41
5       0.00    0.00    0.33    0.39
6       0.00    0.00    0.38    0.45
7       0.00    0.00    0.41    0.40
8       0.00    0.00    0.48    0.51
9       0.00    0.00    0.48    0.52
10      0.00    0.00    0.42    0.49
11      0.00    0.00    0.39    0.46
12      0.00    0.00    0.43    0.47
13      0.00    0.00    0.49    0.46
14      0.00    0.00    0.49    0.46
15      0.00    0.00    0.51    0.51
16      0.00    0.00    0.49    0.45
17      0.00    0.00    0.52    0.52
18      0.00    0.00    0.51    0.50
19      0.00    0.00    0.47    0.49
20      0.00    0.00    0.50    0.50
21      0.00    0.00    0.47    0.46
22      0.00    0.00    0.49    0.48
23      0.00    0.00    0.48    0.47
24      0.00    0.00    0.47    0.55
25      0.00    0.00    0.43    0.48
26      0.00    0.00    0.48    0.48
27      0.00    0.00    0.44    0.48
28      0.00    0.00    0.44    0.46
29      0.00    0.00    0.47    0.43
30      0.00    0.00    0.48    0.48
31      0.00    0.00    0.46    0.51
32      0.00    0.00    0.48    0.44
33      0.00    0.00    0.44    0.45
34      0.00    0.00    0.44    0.44
35      0.00    0.00    0.43    0.46
36      0.00    0.00    0.43    0.45
37      0.00    0.00    0.45    0.47
38      0.00    0.00    0.45    0.48
39      0.00    0.00    0.46    0.43
40      0.00    0.00    0.39    0.45
41      0.00    0.00    0.46    0.47
42      0.00    0.00    0.42    0.42
43      0.00    0.00    0.44    0.44
44      0.00    0.00    0.46    0.43
45      0.00    0.00    0.45    0.45
46      0.00    0.00    0.43    0.41
47      0.00    0.00    0.34    0.46
48      0.00    0.00    0.30    0.44
49      0.00    0.00    0.38    0.38
50      0.00    0.00    0.39    0.34
51      0.00    0.00    0.42    0.39
52      0.00    0.00    0.42    0.42
53      0.00    0.00    0.42    0.38
54      0.00    0.00    0.41    0.40
55      0.00    0.00    0.38    0.37
56      0.00    0.00    0.42    0.36
57      0.00    0.00    0.42    0.40
58      0.00    0.00    0.29    0.41
59      0.00    0.00    0.23    0.39
60      0.00    0.00    0.32    0.37
61      0.00    0.00    0.34    0.29
62      0.00    0.00    0.35    0.37
63      0.00    0.00    0.33    0.31
64      0.00    0.00    0.38    0.41
65      0.00    0.00    0.29    0.37
66      0.00    0.00    0.25    0.36
67      0.00    0.00    0.30    0.38
68      0.00    0.00    0.36    0.32
69      0.00    0.00    0.41    0.36
70      0.00    0.00    0.43    0.43
71      0.00    0.00    0.39    0.40
72      0.00    0.00    0.41    0.38
73      0.00    0.00    0.42    0.42
74      0.00    0.00    0.41    0.42
75      0.00    0.00    0.40    0.37
76      0.00    0.00    0.33    0.39
77      0.00    0.00    0.27    0.40
78      0.00    0.00    0.33    0.32
79      0.00    0.00    0.39    0.34
80      0.00    0.00    0.35    0.33
81      0.00    0.00    0.41    0.36
82      0.00    0.00    0.35    0.40
83      0.00    0.00    0.24    0.38
84      0.00    0.00    0.32    0.33
85      0.00    0.00    0.37    0.33
86      0.00    0.00    0.37    0.35
87      0.00    0.00    0.38    0.37
88      0.00    0.00    0.37    0.29
89      0.00    0.00    0.34    0.34
90      0.00    0.00    0.28    0.38
91      0.00    0.00    0.30    0.30
92      0.00    0.00    0.33    0.31
93      0.00    0.00    0.33    0.28
94      0.00    0.00    0.25    0.29
95      0.00    0.00    0.23    0.36
96      0.00    0.00    0.25    0.30
97      0.00    0.00    0.36    0.28
98      0.00    0.00    0.32    0.24
99      0.00    0.00    0.16    0.21
