SampleLeft, LeftBump, RightBump, LeftSpd, RightSpd
0       0.00    0.00    0.19    0.18
1       0.00    0.00    0.47    0.49
2       0.00    0.00    0.18    0.30
3       0.00    0.00    0.32    0.27
4       0.00    0.00    0.33    0.36
5       0.00    0.00    0.39    0.43
6       0.00    0.00    0.45    0.42
7       0.00    0.00    0.43    0.47
8       0.00    0.00    0.46    0.43
9       0.00    0.00    0.48    0.51
10      0.00    0.00    0.55    0.55
11      0.00    0.00    0.53    0.53
12      0.00    0.00    0.52    0.48
13      0.00    0.00    0.50    0.43
14      0.00    0.00    0.52    0.51
15      0.00    0.00    0.51    0.48
16      0.00    0.00    0.49    0.48
17      0.00    0.00    0.48    0.48
18      0.00    0.00    0.48    0.53
19      0.00    0.00    0.53    0.48
20      0.00    0.00    0.53    0.52
21      0.00    0.00    0.52    0.52
22      0.00    0.00    0.49    0.46
23      0.00    0.00    0.51    0.52
24      0.00    0.00    0.51    0.55
25      0.00    0.00    0.48    0.51
26      0.00    0.00    0.47    0.47
27      0.00    0.00    0.50    0.46
28      0.00    0.00    0.50    0.44
29      0.00    0.00    0.51    0.51
30      0.00    0.00    0.48    0.49
31      0.00    0.00    0.49    0.46
32      0.00    0.00    0.48    0.52
33      0.00    0.00    0.49    0.50
34      0.00    0.00    0.48    0.48
35      0.00    0.00    0.51    0.51
36      0.00    0.00    0.51    0.47
37      0.00    0.00    0.47    0.50
38      0.00    0.00    0.49    0.48
39      0.00    0.00    0.51    0.49
40      0.00    0.00    0.47    0.50
41      0.00    0.00    0.47    0.47
42      0.00    0.00    0.48    0.49
43      0.00    0.00    0.48    0.51
44      0.00    0.00    0.51    0.47
45      0.00    0.00    0.47    0.49
46      0.00    0.00    0.48    0.52
47      0.00    0.00    0.48    0.51
48      0.00    0.00    0.49    0.48
49      0.00    0.00    0.48    0.52
50      0.00    0.00    0.51    0.55
51      0.00    0.00    0.50    0.47
52      0.00    0.00    0.53    0.51
53      0.00    0.00    0.47    0.56
54      0.00    0.00    0.51    0.51
55      0.00    0.00    0.48    0.48
56      0.00    0.00    0.45    0.51
57      0.00    0.00    0.49    0.46
58      0.00    0.00    0.53    0.52
59      0.00    0.00    0.50    0.54
60      0.00    0.00    0.51    0.52
61      0.00    0.00    0.52    0.49
62      0.00    0.00    0.50    0.53
63      0.00    0.00    0.50    0.50
64      0.00    0.00    0.55    0.51
65      0.00    0.00    0.46    0.51
66      0.00    0.00    0.49    0.47
67      0.00    0.00    0.47    0.47
68      0.00    0.00    0.44    0.46
69      0.00    0.00    0.51    0.48
70      0.00    0.00    0.50    0.48
71      0.00    0.00    0.45    0.52
72      0.00    0.00    0.50    0.44
73      0.00    0.00    0.50    0.48
74      0.00    0.00    0.50    0.50
75      0.00    0.00    0.50    0.48
76      0.00    0.00    0.51    0.52
77      0.00    0.00    0.49    0.53
78      0.00    0.00    0.52    0.52
79      0.00    0.00    0.51    0.48
80      0.00    0.00    0.47    0.47
81      0.00    0.00    0.47    0.47
82      0.00    0.00    0.35    0.43
83      0.00    0.00    0.37    0.44
84      0.00    0.00    0.46    0.44
85      0.00    0.00    0.49    0.43
86      0.00    0.00    0.47    0.46
87      0.00    0.00    0.52    0.48
88      0.00    0.00    0.53    0.47
89      0.00    0.00    0.48    0.44
90      0.00    0.00    0.48    0.55
91      0.00    0.00    0.49    0.52
92      0.00    0.00    0.49    0.50
93      0.00    0.00    0.50    0.51
94      0.00    0.00    0.47    0.48
95      0.00    0.00    0.44    0.42
96      0.00    0.00    0.47    0.46
97      0.00    0.00    0.50    0.44
98      0.00    0.00    0.44    0.42
99      0.00    0.00    0.00    0.00
