SampleLeft, LeftBump, RightBump, LeftSpd, RightSpd
0       0.00    0.00    0.14    0.19
1       0.00    0.00    0.46    0.50
2       0.00    0.00    0.20    0.26
3       0.00    0.00    0.21    0.19
4       0.00    0.00    0.27    0.32
5       0.00    0.00    0.28    0.38
6       0.00    0.00    0.33    0.41
7       0.00    0.00    0.34    0.45
8       0.00    0.00    0.34    0.43
9       0.00    0.00    0.42    0.51
10      0.00    0.00    0.32    0.50
11      0.00    0.00    0.37    0.50
12      0.00    0.00    0.36    0.39
13      0.00    0.00    0.45    0.40
14      0.00    0.00    0.52    0.38
15      0.00    0.00    0.52    0.42
16      0.00    0.00    0.49    0.44
17      0.00    0.00    0.51    0.44
18      0.00    0.00    0.54    0.42
19      0.00    0.00    0.49    0.45
20      0.00    0.00    0.51    0.48
21      0.00    0.00    0.48    0.52
22      0.00    0.00    0.48    0.49
23      0.00    0.00    0.52    0.51
24      0.00    0.00    0.51    0.49
25      0.00    0.00    0.48    0.51
26      0.00    0.00    0.52    0.52
27      0.00    0.00    0.52    0.51
28      0.00    0.00    0.46    0.50
29      0.00    0.00    0.48    0.51
30      0.00    0.00    0.49    0.48
31      0.00    0.00    0.49    0.46
32      0.00    0.00    0.48    0.47
33      0.00    0.00    0.46    0.46
34      0.00    0.00    0.45    0.49
35      0.00    0.00    0.51    0.50
36      0.00    0.00    0.47    0.43
37      0.00    0.00    0.46    0.49
38      0.00    0.00    0.49    0.49
39      0.00    0.00    0.48    0.49
40      0.00    0.00    0.42    0.45
41      0.00    0.00    0.46    0.47
42      0.00    0.00    0.45    0.46
43      0.00    0.00    0.43    0.47
44      0.00    0.00    0.43    0.46
45      0.00    0.00    0.46    0.48
46      0.00    0.00    0.46    0.44
47      0.00    0.00    0.43    0.47
48      0.00    0.00    0.43    0.43
49      0.00    0.00    0.43    0.42
50      0.00    0.00    0.42    0.47
51      0.00    0.00    0.41    0.38
52      0.00    0.00    0.43    0.43
53      0.00    0.00    0.39    0.44
54      0.00    0.00    0.42    0.50
55      0.00    0.00    0.47    0.47
56      0.00    0.00    0.45    0.45
57      0.00    0.00    0.43    0.45
58      0.00    0.00    0.43    0.47
59      0.00    0.00    0.41    0.43
60      0.00    0.00    0.45    0.49
61      0.00    0.00    0.38    0.47
62      0.00    0.00    0.34    0.40
63      0.00    0.00    0.35    0.41
64      0.00    0.00    0.41    0.41
65      0.00    0.00    0.41    0.41
66      0.00    0.00    0.43    0.42
67      0.00    0.00    0.43    0.43
68      0.00    0.00    0.41    0.41
69      0.00    0.00    0.35    0.43
70      0.00    0.00    0.29    0.43
71      0.00    0.00    0.36    0.30
72      0.00    0.00    0.46    0.38
73      0.00    0.00    0.42    0.38
74      0.00    0.00    0.38    0.37
75      0.00    0.00    0.41    0.38
76      0.00    0.00    0.41    0.38
77      0.00    0.00    0.37    0.37
78      0.00    0.00    0.33    0.42
79      0.00    0.00    0.24    0.42
80      0.00    0.00    0.33    0.32
81      0.00    0.00    0.38    0.33
82      0.00    0.00    0.38    0.33
83      0.00    0.00    0.38    0.31
84      0.00    0.00    0.34    0.38
85      0.00    0.00    0.24    0.34
86      0.00    0.00    0.27    0.36
87      0.00    0.00    0.41    0.41
88      0.00    0.00    0.37    0.32
89      0.00    0.00    0.34    0.29
90      0.00    0.00    0.37    0.25
91      0.00    0.00    0.32    0.33
92      0.00    0.00    0.24    0.37
93      0.00    0.00    0.25    0.25
94      0.00    0.00    0.36    0.21
95      0.00    0.00    0.33    0.23
96      0.00    0.00    0.23    0.32
97      0.00    0.00    0.25    0.27
98      0.00    0.00    0.29    0.25
99      0.00    0.00    0.00    0.00
