SampleLeft, LeftBump, RightBump, LeftSpd, RightSpd
0       0.00    0.00    0.17    0.26
1       0.00    0.00    0.47    0.47
2       0.00    0.00    0.17    0.21
3       0.00    0.00    0.28    0.27
4       0.00    0.00    0.32    0.33
5       0.00    0.00    0.37    0.38
6       0.00    0.00    0.41    0.43
7       0.00    0.00    0.47    0.49
8       0.00    0.00    0.52    0.53
9       0.00    0.00    0.47    0.44
10      0.00    0.00    0.46    0.47
11      0.00    0.00    0.34    0.46
12      0.00    0.00    0.40    0.47
13      0.00    0.00    0.49    0.41
14      0.00    0.00    0.50    0.46
15      0.00    0.00    0.52    0.48
16      0.00    0.00    0.53    0.49
17      0.00    0.00    0.53    0.51
18      0.00    0.00    0.56    0.52
19      0.00    0.00    0.51    0.48
20      0.00    0.00    0.52    0.49
21      0.00    0.00    0.52    0.52
22      0.00    0.00    0.51    0.51
23      0.00    0.00    0.49    0.52
24      0.00    0.00    0.51    0.51
25      0.00    0.00    0.48    0.49
26      0.00    0.00    0.52    0.49
27      0.00    0.00    0.48    0.51
28      0.00    0.00    0.50    0.48
29      0.00    0.00    0.51    0.48
30      0.00    0.00    0.48    0.48
31      0.00    0.00    0.49    0.47
32      0.00    0.00    0.45    0.52
33      0.00    0.00    0.49    0.51
34      0.00    0.00    0.45    0.51
35      0.00    0.00    0.47    0.48
36      0.00    0.00    0.50    0.43
37      0.00    0.00    0.43    0.46
38      0.00    0.00    0.39    0.48
39      0.00    0.00    0.24    0.39
40      0.00    0.00    0.35    0.42
41      0.00    0.00    0.46    0.42
42      0.00    0.00    0.44    0.43
43      0.00    0.00    0.48    0.46
44      0.00    0.00    0.51    0.44
45      0.00    0.00    0.43    0.43
46      0.00    0.00    0.46    0.46
47      0.00    0.00    0.47    0.46
48      0.00    0.00    0.40    0.41
49      0.00    0.00    0.36    0.41
50      0.00    0.00    0.37    0.38
51      0.00    0.00    0.43    0.42
52      0.00    0.00    0.37    0.37
53      0.00    0.00    0.39    0.38
54      0.00    0.00    0.38    0.32
55      0.00    0.00    0.42    0.35
56      0.00    0.00    0.28    0.37
57      0.00    0.00    0.28    0.30
58      0.00    0.00    0.36    0.30
59      0.00    0.00    0.41    0.38
60      0.00    0.00    0.34    0.38
61      0.00    0.00    0.23    0.34
62      0.00    0.00    0.34    0.34
63      0.00    0.00    0.37    0.35
64      0.00    0.00    0.39    0.31
65      0.00    0.00    0.37    0.36
66      0.00    0.00    0.26    0.35
67      0.00    0.00    0.27    0.36
68      0.00    0.00    0.36    0.28
69      0.00    0.00    0.41    0.35
70      0.00    0.00    0.30    0.37
71      0.00    0.00    0.32    0.33
72      0.00    0.00    0.35    0.36
73      0.00    0.00    0.39    0.34
74      0.00    0.00    0.41    0.38
75      0.00    0.00    0.38    0.36
76      0.00    0.00    0.24    0.37
77      0.00    0.00    0.31    0.37
78      0.00    0.00    0.34    0.34
79      0.00    0.00    0.24    0.29
80      0.00    0.00    0.30    0.33
81      0.00    0.00    0.37    0.27
82      0.00    0.00    0.37    0.32
83      0.00    0.00    0.30    0.28
84      0.00    0.00    0.23    0.29
85      0.00    0.00    0.30    0.29
86      0.00    0.00    0.25    0.26
87      0.00    0.00    0.18    0.33
88      0.00    0.00    0.23    0.32
89      0.00    0.00    0.14    0.25
90      0.00    0.00    0.28    0.23
91      0.00    0.00    0.36    0.25
92      0.00    0.00    0.32    0.23
93      0.00    0.00    0.21    0.30
94      0.00    0.00    0.19    0.25
95      0.00    0.00    0.31    0.25
96      0.00    0.00    0.16    0.27
97      0.00    0.00    0.17    0.24
98      0.00    0.00    0.28    0.27
99      0.00    0.00    0.30    0.24
