SampleLeft, LeftBump, RightBump, LeftSpd, RightSpd
0       0.00    0.00    0.18    0.28
1       0.00    0.00    0.46    0.46
2       0.00    0.00    0.21    0.30
3       0.00    0.00    0.27    0.24
4       0.00    0.00    0.32    0.33
5       0.00    0.00    0.34    0.37
6       0.00    0.00    0.37    0.46
7       0.00    0.00    0.38    0.46
8       0.00    0.00    0.41    0.46
9       0.00    0.00    0.42    0.42
10      0.00    0.00    0.48    0.45
11      0.00    0.00    0.51    0.55
12      0.00    0.00    0.53    0.50
13      0.00    0.00    0.51    0.50
14      0.00    0.00    0.51    0.47
15      0.00    0.00    0.51    0.47
16      0.00    0.00    0.49    0.44
17      0.00    0.00    0.51    0.51
18      0.00    0.00    0.48    0.47
19      0.00    0.00    0.43    0.47
20      0.00    0.00    0.51    0.51
21      0.00    0.00    0.51    0.51
22      0.00    0.00    0.50    0.49
23      0.00    0.00    0.48    0.51
24      0.00    0.00    0.51    0.50
25      0.00    0.00    0.48    0.52
26      0.00    0.00    0.48    0.52
27      0.00    0.00    0.47    0.50
28      0.00    0.00    0.47    0.50
29      0.00    0.00    0.51    0.47
30      0.00    0.00    0.48    0.48
31      0.00    0.00    0.47    0.49
32      0.00    0.00    0.47    0.48
33      0.00    0.00    0.50    0.51
34      0.00    0.00    0.44    0.48
35      0.00    0.00    0.51    0.46
36      0.00    0.00    0.46    0.42
37      0.00    0.00    0.46    0.50
38      0.00    0.00    0.47    0.52
39      0.00    0.00    0.45    0.48
40      0.00    0.00    0.46    0.47
41      0.00    0.00    0.44    0.48
42      0.00    0.00    0.45    0.45
43      0.00    0.00    0.47    0.51
44      0.00    0.00    0.47    0.47
45      0.00    0.00    0.45    0.43
46      0.00    0.00    0.42    0.45
47      0.00    0.00    0.43    0.46
48      0.00    0.00    0.43    0.41
49      0.00    0.00    0.43    0.44
50      0.00    0.00    0.47    0.44
51      0.00    0.00    0.38    0.43
52      0.00    0.00    0.43    0.46
53      0.00    0.00    0.39    0.47
54      0.00    0.00    0.28    0.38
55      0.00    0.00    0.32    0.42
56      0.00    0.00    0.41    0.41
57      0.00    0.00    0.43    0.46
58      0.00    0.00    0.43    0.43
59      0.00    0.00    0.42    0.45
60      0.00    0.00    0.42    0.42
61      0.00    0.00    0.44    0.45
62      0.00    0.00    0.46    0.42
63      0.00    0.00    0.42    0.42
64      0.00    0.00    0.44    0.47
65      0.00    0.00    0.43    0.46
66      0.00    0.00    0.48    0.49
67      0.00    0.00    0.48    0.52
68      0.00    0.00    0.50    0.51
69      0.00    0.00    0.47    0.47
70      0.00    0.00    0.48    0.48
71      0.00    0.00    0.43    0.48
72      0.00    0.00    0.46    0.47
73      0.00    0.00    0.47    0.48
74      0.00    0.00    0.45    0.46
75      0.00    0.00    0.46    0.48
76      0.00    0.00    0.47    0.49
77      0.00    0.00    0.45    0.44
78      0.00    0.00    0.30    0.39
79      0.00    0.00    0.33    0.38
80      0.00    0.00    0.38    0.39
81      0.00    0.00    0.42    0.42
82      0.00    0.00    0.45    0.39
83      0.00    0.00    0.41    0.41
84      0.00    0.00    0.43    0.38
85      0.00    0.00    0.43    0.39
86      0.00    0.00    0.44    0.38
87      0.00    0.00    0.42    0.39
88      0.00    0.00    0.40    0.37
89      0.00    0.00    0.39    0.38
90      0.00    0.00    0.30    0.38
91      0.00    0.00    0.26    0.35
92      0.00    0.00    0.32    0.33
93      0.00    0.00    0.41    0.38
94      0.00    0.00    0.42    0.30
95      0.00    0.00    0.38    0.36
96      0.00    0.00    0.35    0.34
97      0.00    0.00    0.26    0.35
98      0.00    0.00    0.20    0.26
99      0.00    0.00    0.00    0.00
