SampleRight, LeftBump, RightBump, LeftSpd, RightSpd
0       0.01    0.01    0.29    0.36
1       0.00    0.01    0.54    0.50
2       0.01    0.01    0.53    0.51
3       0.01    0.01    0.47    0.48
4       0.01    0.01    0.52    0.48
5       0.00    0.00    0.45    0.44
6       0.01    0.00    0.50    0.54
7       0.00    0.00    0.52    0.55
8       0.04    0.00    0.16    0.20
9       0.17    0.00    0.26    0.26
10      0.09    0.00    0.10    0.08
11      0.09    0.05    0.11    0.20
12      0.11    0.09    0.38    0.41
13      0.08    0.07    0.53    0.46
14      0.09    0.07    0.52    0.52
15      0.10    0.08    0.52    0.52
16      0.10    0.07    0.49    0.47
17      0.09    0.07    0.48    0.51
18      0.10    0.08    0.50    0.49
19      0.09    0.07    0.51    0.49
20      0.09    0.07    0.55    0.53
21      0.09    0.06    0.52    0.48
22      0.09    0.05    0.51    0.50
23      0.12    0.06    0.47    0.48
24      0.10    0.07    0.50    0.52
25      0.10    0.07    0.52    0.51
26      0.09    0.07    0.49    0.52
27      0.09    0.07    0.51    0.48
28      0.11    0.07    0.51    0.52
29      0.07    0.06    0.53    0.51
30      0.09    0.08    0.48    0.47
31      0.08    0.07    0.53    0.51
32      0.09    0.07    0.55    0.51
33      0.10    0.08    0.51    0.49
34      0.09    0.06    0.53    0.51
35      0.10    0.07    0.47    0.48
36      0.10    0.06    0.53    0.53
37      0.10    0.05    0.48    0.47
38      0.09    0.04    0.49    0.49
39      0.10    0.05    0.55    0.52
40      0.10    0.05    0.50    0.50
41      0.11    0.04    0.54    0.54
42      0.10    0.05    0.49    0.52
43      0.12    0.04    0.51    0.46
44      0.04    0.01    0.08    0.15
45      0.09    0.07    0.14    0.17
46      0.10    0.10    0.40    0.37
47      0.09    0.09    0.52    0.45
48      0.08    0.08    0.52    0.51
49      0.10    0.07    0.52    0.49
50      0.09    0.08    0.51    0.53
51      0.11    0.05    0.50    0.52
52      0.12    0.04    0.50    0.49
53      0.12    0.03    0.53    0.50
54      0.06    0.01    0.08    0.16
55      0.09    0.08    0.11    0.20
56      0.08    0.07    0.42    0.38
57      0.11    0.07    0.53    0.46
58      0.11    0.05    0.54    0.51
59      0.12    0.04    0.46    0.50
60      0.03    0.00    0.06    0.15
61      0.10    0.08    0.17    0.16
62      0.08    0.08    0.40    0.38
63      0.09    0.08    0.50    0.47
64      0.07    0.06    0.53    0.50
65      0.07    0.05    0.54    0.51
66      0.07    0.04    0.53    0.56
67      0.09    0.03    0.52    0.51
68      0.13    0.02    0.50    0.51
69      0.10    0.02    0.51    0.49
70      0.04    0.00    0.09    0.16
71      0.08    0.05    0.17    0.21
72      0.08    0.06    0.39    0.38
73      0.09    0.05    0.50    0.50
74      0.11    0.04    0.50    0.49
75      0.12    0.03    0.53    0.53
76      0.04    0.00    0.08    0.16
77      0.10    0.05    0.14    0.15
78      0.10    0.06    0.42    0.38
79      0.10    0.05    0.54    0.51
80      0.11    0.03    0.53    0.50
81      0.16    0.04    0.48    0.50
82      0.04    0.00    0.10    0.06
83      0.12    0.06    0.14    0.17
84      0.11    0.07    0.40    0.40
85      0.12    0.05    0.51    0.48
86      0.13    0.05    0.51    0.52
87      0.07    0.00    0.08    0.17
88      0.10    0.04    0.17    0.16
89      0.10    0.05    0.39    0.38
90      0.13    0.03    0.51    0.48
91      0.07    0.00    0.15    0.17
92      0.00    0.00    0.00    0.00
93      0.00    0.00    0.00    0.00
94      0.00    0.00    0.00    0.00
95      0.00    0.00    0.00    0.00
96      0.00    0.00    0.00    0.00
97      0.00    0.00    0.00    0.00
98      0.00    0.00    0.00    0.00
99      0.00    0.00    0.00    0.00
