SampleRight, LeftBump, RightBump, LeftSpd, RightSpd
0       0.01    0.00    0.33    0.27
1       0.01    0.00    0.54    0.54
2       0.01    0.00    0.49    0.46
3       0.00    0.00    0.50    0.51
4       0.00    0.00    0.48    0.51
5       0.00    0.00    0.46    0.50
6       0.00    0.00    0.55    0.54
7       0.00    0.00    0.48    0.52
8       0.00    0.00    0.47    0.43
9       0.17    0.00    0.15    0.17
10      0.10    0.00    -0.01   0.04
11      0.01    0.00    -0.00   -0.00
12      0.10    0.07    0.17    0.21
13      0.09    0.09    0.42    0.40
14      0.09    0.09    0.54    0.53
15      0.07    0.07    0.51    0.51
16      0.08    0.07    0.53    0.51
17      0.08    0.07    0.48    0.52
18      0.07    0.07    0.51    0.50
19      0.07    0.07    0.52    0.52
20      0.08    0.08    0.51    0.48
21      0.07    0.07    0.52    0.54
22      0.06    0.06    0.48    0.48
23      0.08    0.08    0.51    0.52
24      0.07    0.07    0.51    0.51
25      0.07    0.07    0.49    0.48
26      0.08    0.07    0.52    0.50
27      0.07    0.07    0.48    0.51
28      0.08    0.07    0.50    0.50
29      0.10    0.08    0.49    0.49
30      0.08    0.07    0.50    0.48
31      0.10    0.08    0.55    0.51
32      0.08    0.08    0.49    0.49
33      0.07    0.07    0.53    0.55
34      0.07    0.07    0.50    0.49
35      0.08    0.07    0.51    0.55
36      0.07    0.07    0.53    0.53
37      0.09    0.07    0.52    0.54
38      0.08    0.07    0.48    0.51
39      0.08    0.06    0.54    0.49
40      0.08    0.06    0.52    0.53
41      0.08    0.06    0.48    0.48
42      0.09    0.06    0.48    0.48
43      0.09    0.04    0.54    0.54
44      0.11    0.07    0.46    0.48
45      0.09    0.05    0.57    0.54
46      0.11    0.05    0.46    0.49
47      0.10    0.04    0.48    0.48
48      0.10    0.03    0.51    0.51
49      0.11    0.03    0.48    0.49
50      0.10    0.02    0.49    0.50
51      0.11    0.04    0.51    0.51
52      0.10    0.04    0.54    0.52
53      0.10    0.05    0.50    0.48
54      0.11    0.06    0.51    0.50
55      0.09    0.03    0.55    0.55
56      0.10    0.03    0.52    0.48
57      0.04    0.00    0.09    0.12
58      0.09    0.07    0.15    0.18
59      0.09    0.07    0.46    0.41
60      0.09    0.06    0.49    0.51
61      0.12    0.04    0.51    0.49
62      0.09    0.03    0.53    0.56
63      0.10    0.02    0.47    0.50
64      0.04    0.00    0.09    0.12
65      0.07    0.07    0.12    0.16
66      0.08    0.07    0.46    0.41
67      0.07    0.05    0.51    0.49
68      0.09    0.06    0.51    0.51
69      0.11    0.04    0.52    0.55
70      0.10    0.04    0.51    0.50
71      0.11    0.03    0.47    0.48
72      0.06    0.00    0.05    0.11
73      0.10    0.07    0.16    0.19
74      0.11    0.07    0.41    0.38
75      0.12    0.06    0.52    0.47
76      0.10    0.04    0.54    0.51
77      0.11    0.02    0.49    0.52
78      0.05    0.00    0.11    0.05
79      0.09    0.07    0.14    0.19
80      0.10    0.06    0.47    0.46
81      0.10    0.05    0.49    0.48
82      0.11    0.04    0.48    0.53
83      0.13    0.02    0.53    0.50
84      0.07    0.00    0.05    0.16
85      0.11    0.06    0.16    0.15
86      0.11    0.06    0.42    0.36
87      0.12    0.04    0.55    0.51
88      0.05    0.00    0.09    0.12
89      0.11    0.05    0.16    0.14
90      0.10    0.04    0.42    0.42
91      0.11    0.03    0.49    0.49
92      0.00    0.00    0.00    0.00
93      0.00    0.00    0.00    0.00
94      0.00    0.00    0.00    0.00
95      0.00    0.00    0.00    0.00
96      0.00    0.00    0.00    0.00
97      0.00    0.00    0.00    0.00
98      0.00    0.00    0.00    0.00
99      0.00    0.00    0.00    0.00
