SampleRight, LeftBump, RightBump, LeftSpd, RightSpd
0       0.03    0.01    0.33    0.32
1       0.03    0.01    0.50    0.50
2       0.03    0.01    0.53    0.50
3       0.03    0.01    0.48    0.51
4       0.03    0.01    0.51    0.50
5       0.03    0.01    0.52    0.50
6       0.02    0.01    0.46    0.49
7       0.37    0.01    0.17    0.17
8       0.02    0.00    0.03    0.14
9       0.18    0.03    0.25    0.25
10      0.02    0.00    0.00    0.02
11      0.14    0.04    0.23    0.27
12      0.10    0.05    0.38    0.41
13      0.10    0.05    0.48    0.51
14      0.09    0.06    0.56    0.51
15      0.09    0.05    0.49    0.52
16      0.11    0.04    0.51    0.52
17      0.08    0.03    0.51    0.47
18      0.11    0.04    0.51    0.48
19      0.10    0.03    0.49    0.52
20      0.09    0.02    0.52    0.49
21      0.11    0.03    0.39    0.42
22      0.02    0.00    0.16    0.18
23      0.07    0.04    0.15    0.19
24      0.08    0.07    0.43    0.41
25      0.08    0.07    0.50    0.45
26      0.08    0.05    0.52    0.49
27      0.07    0.06    0.49    0.49
28      0.08    0.05    0.52    0.51
29      0.08    0.04    0.50    0.51
30      0.08    0.04    0.48    0.49
31      0.09    0.05    0.49    0.51
32      0.09    0.03    0.48    0.52
33      0.11    0.03    0.42    0.39
34      0.02    0.00    0.13    0.17
35      0.04    0.02    0.14    0.18
36      0.09    0.06    0.42    0.42
37      0.08    0.04    0.51    0.51
38      0.09    0.03    0.55    0.49
39      0.08    0.02    0.50    0.50
40      0.10    0.01    0.52    0.52
41      0.02    0.00    0.18    0.15
42      0.09    0.06    0.21    0.20
43      0.08    0.05    0.39    0.38
44      0.08    0.05    0.51    0.47
45      0.08    0.04    0.52    0.49
46      0.09    0.02    0.50    0.51
47      0.10    0.02    0.51    0.49
48      0.11    0.00    0.27    0.25
49      0.03    0.00    0.13    0.14
50      0.09    0.04    0.30    0.30
51      0.10    0.05    0.42    0.43
52      0.10    0.03    0.50    0.49
53      0.12    0.01    0.53    0.48
54      0.02    0.00    0.15    0.15
55      0.09    0.03    0.14    0.21
56      0.10    0.04    0.42    0.39
57      0.10    0.04    0.52    0.47
58      0.11    0.02    0.16    0.20
59      0.02    0.00    0.13    0.12
60      0.10    0.05    0.32    0.29
61      0.10    0.04    0.48    0.43
62      0.10    0.02    0.29    0.28
63      0.02    0.00    0.08    0.11
64      0.09    0.04    0.26    0.23
65      0.09    0.04    0.49    0.43
66      0.11    0.02    0.40    0.39
67      0.02    0.00    0.09    0.18
68      0.09    0.05    0.17    0.19
69      0.10    0.04    0.46    0.43
70      0.11    0.02    0.51    0.53
71      0.02    0.00    0.19    0.19
72      0.06    0.02    0.21    0.25
73      0.09    0.03    0.43    0.40
74      0.09    0.00    0.55    0.52
75      0.02    0.00    0.18    0.21
76      0.02    0.00    0.18    0.19
77      0.06    0.01    0.38    0.36
78      0.10    0.02    0.47    0.46
79      0.13    0.01    0.23    0.25
80      0.02    0.00    0.15    0.22
81      0.08    0.01    0.23    0.28
82      0.11    0.02    0.28    0.26
83      0.02    0.01    0.05    0.11
84      0.09    0.02    0.19    0.21
85      0.11    0.03    0.35    0.36
86      0.02    0.00    0.13    0.16
87      0.08    0.03    0.21    0.19
88      0.10    0.02    0.48    0.43
89      0.02    0.00    0.19    0.19
90      0.02    0.00    0.15    0.17
91      0.08    0.02    0.39    0.42
92      0.10    0.02    0.52    0.48
93      0.12    0.00    0.22    0.29
94      0.02    0.00    0.13    0.11
95      0.12    0.02    0.10    0.10
96      0.06    0.00    0.05    0.08
97      0.09    0.04    0.30    0.30
98      0.00    0.00    0.00    0.00
99      0.00    0.00    0.00    0.00
