SampleRight, LeftBump, RightBump, LeftSpd, RightSpd
0       0.01    0.00    0.30    0.34
1       0.01    0.00    0.52    0.50
2       0.00    0.00    0.53    0.50
3       0.01    0.00    0.52    0.56
4       0.00    0.00    0.50    0.48
5       0.01    0.00    0.48    0.51
6       0.00    0.00    0.48    0.51
7       0.00    0.00    0.51    0.48
8       0.00    0.00    0.35    0.37
9       0.10    0.05    0.31    0.36
10      0.09    0.06    0.45    0.44
11      0.11    0.07    0.49    0.49
12      0.08    0.06    0.51    0.52
13      0.08    0.06    0.52    0.50
14      0.08    0.06    0.48    0.45
15      0.09    0.06    0.55    0.52
16      0.08    0.05    0.52    0.52
17      0.11    0.05    0.49    0.51
18      0.10    0.05    0.48    0.53
19      0.10    0.06    0.48    0.52
20      0.10    0.05    0.48    0.51
21      0.08    0.06    0.52    0.51
22      0.08    0.05    0.50    0.52
23      0.08    0.05    0.50    0.52
24      0.09    0.05    0.53    0.49
25      0.09    0.05    0.48    0.51
26      0.10    0.06    0.51    0.51
27      0.08    0.05    0.48    0.48
28      0.10    0.07    0.49    0.48
29      0.09    0.05    0.49    0.48
30      0.06    0.04    0.51    0.49
31      0.09    0.07    0.49    0.49
32      0.08    0.07    0.50    0.56
33      0.08    0.05    0.53    0.52
34      0.08    0.04    0.50    0.49
35      0.09    0.05    0.49    0.50
36      0.08    0.04    0.51    0.52
37      0.09    0.04    0.49    0.50
38      0.09    0.04    0.49    0.44
39      0.09    0.04    0.49    0.48
40      0.09    0.04    0.49    0.46
41      0.11    0.04    0.51    0.51
42      0.11    0.05    0.49    0.53
43      0.10    0.03    0.44    0.51
44      0.10    0.04    0.49    0.50
45      0.08    0.02    0.52    0.55
46      0.10    0.04    0.48    0.54
47      0.09    0.03    0.53    0.49
48      0.09    0.03    0.52    0.51
49      0.09    0.03    0.51    0.48
50      0.10    0.04    0.55    0.55
51      0.09    0.03    0.52    0.53
52      0.10    0.03    0.49    0.49
53      0.09    0.03    0.50    0.49
54      0.09    0.03    0.52    0.51
55      0.09    0.06    0.51    0.51
56      0.08    0.05    0.51    0.48
57      0.08    0.04    0.55    0.55
58      0.08    0.04    0.50    0.48
59      0.10    0.04    0.50    0.51
60      0.10    0.04    0.51    0.49
61      0.09    0.04    0.51    0.49
62      0.11    0.03    0.49    0.52
63      0.07    0.03    0.51    0.49
64      0.07    0.05    0.46    0.46
65      0.08    0.03    0.51    0.51
66      0.07    0.03    0.48    0.51
67      0.09    0.04    0.48    0.48
68      0.09    0.03    0.48    0.52
69      0.08    0.04    0.50    0.49
70      0.09    0.04    0.54    0.50
71      0.09    0.03    0.49    0.52
72      0.09    0.04    0.47    0.51
73      0.09    0.04    0.52    0.49
74      0.08    0.03    0.49    0.55
75      0.09    0.03    0.48    0.51
76      0.10    0.03    0.49    0.52
77      0.09    0.03    0.55    0.51
78      0.11    0.03    0.51    0.52
79      0.09    0.02    0.49    0.54
80      0.10    0.02    0.38    0.37
81      0.04    0.00    0.04    0.04
82      0.06    0.05    0.18    0.19
83      0.09    0.10    0.38    0.40
84      0.07    0.06    0.49    0.51
85      0.07    0.06    0.51    0.51
86      0.07    0.06    0.53    0.48
87      0.10    0.06    0.52    0.51
88      0.08    0.06    0.52    0.51
89      0.07    0.04    0.48    0.49
90      0.08    0.05    0.49    0.48
91      0.08    0.04    0.48    0.51
92      0.08    0.05    0.52    0.49
93      0.08    0.05    0.48    0.49
94      0.07    0.04    0.52    0.52
95      0.09    0.04    0.52    0.49
96      0.08    0.02    0.48    0.49
97      0.11    0.03    0.50    0.52
98      0.11    0.03    0.22    0.21
99      0.00    0.00    0.00    0.00
