SampleRight, LeftBump, RightBump, LeftSpd, RightSpd
0       0.01    0.01    0.30    0.33
1       0.01    0.00    0.54    0.55
2       0.01    0.01    0.52    0.49
3       0.01    0.01    0.47    0.48
4       0.01    0.01    0.52    0.54
5       0.00    0.01    0.51    0.47
6       0.00    0.01    0.54    0.52
7       0.00    0.00    0.52    0.54
8       0.22    0.02    0.16    0.18
9       0.07    0.00    0.06    0.06
10      0.11    0.05    0.16    0.21
11      0.11    0.08    0.38    0.38
12      0.10    0.09    0.48    0.50
13      0.09    0.08    0.52    0.50
14      0.09    0.08    0.52    0.48
15      0.10    0.11    0.50    0.52
16      0.09    0.09    0.51    0.52
17      0.09    0.09    0.49    0.49
18      0.08    0.09    0.49    0.48
19      0.06    0.09    0.51    0.52
20      0.08    0.12    0.51    0.48
21      0.07    0.11    0.51    0.49
22      0.07    0.13    0.51    0.48
23      0.05    0.12    0.50    0.53
24      0.08    0.12    0.53    0.49
25      0.06    0.12    0.51    0.52
26      0.05    0.11    0.51    0.52
27      0.05    0.13    0.50    0.50
28      0.04    0.14    0.48    0.52
29      0.03    0.11    0.60    0.57
30      0.07    0.12    0.70    0.61
31      0.07    0.12    0.23    0.20
32      0.00    0.07    0.24    0.26
33      0.03    0.18    0.51    0.53
34      0.05    0.15    0.76    0.78
35      0.07    0.10    0.09    0.12
36      0.00    0.00    0.24    0.22
37      0.00    0.15    0.31    0.32
38      0.01    0.16    0.58    0.55
39      0.06    0.13    0.41    0.33
40      0.00    0.00    0.31    0.28
41      0.01    0.22    0.23    0.22
42      0.02    0.19    0.55    0.49
43      0.07    0.14    0.70    0.69
44      0.02    0.13    0.23    0.26
45      0.02    0.22    0.31    0.32
46      0.04    0.14    0.69    0.69
47      0.07    0.13    0.82    0.77
48      0.02    0.13    0.25    0.27
49      0.04    0.20    0.29    0.31
50      0.03    0.10    0.63    0.58
51      0.08    0.13    0.77    0.74
52      0.00    0.01    0.15    0.16
53      0.07    0.18    0.18    0.23
54      0.06    0.15    0.56    0.49
55      0.10    0.15    0.68    0.69
56      0.05    0.11    0.22    0.28
57      0.04    0.15    0.22    0.25
58      0.06    0.11    0.57    0.47
59      0.01    0.11    0.17    0.23
60      0.01    0.17    0.34    0.31
61      0.03    0.12    0.67    0.65
62      0.11    0.19    0.82    0.74
63      0.00    0.00    0.23    0.26
64      0.06    0.19    0.19    0.20
65      0.06    0.19    0.42    0.49
66      0.02    0.14    0.66    0.62
67      0.07    0.15    0.06    0.16
68      0.00    0.00    0.12    0.10
69      0.01    0.19    0.44    0.41
70      0.01    0.13    0.65    0.61
71      0.04    0.13    0.76    0.76
72      0.04    0.10    0.38    0.42
73      0.00    0.00    0.28    0.28
74      0.00    0.14    0.26    0.26
75      0.00    0.11    0.51    0.50
76      0.01    0.11    0.70    0.63
77      0.10    0.13    0.79    0.80
78      0.00    0.00    0.12    0.20
79      0.08    0.22    0.16    0.19
80      0.02    0.14    0.52    0.46
81      0.06    0.12    0.69    0.71
82      0.02    0.13    0.23    0.24
83      0.04    0.15    0.33    0.34
84      0.07    0.12    0.66    0.58
85      0.04    0.08    0.20    0.19
86      0.04    0.15    0.24    0.26
87      0.06    0.13    0.55    0.50
88      0.03    0.10    0.14    0.20
89      0.03    0.17    0.27    0.27
90      0.06    0.13    0.57    0.54
91      0.01    0.09    0.18    0.19
92      0.01    0.13    0.25    0.25
93      0.03    0.11    0.58    0.51
94      0.00    0.00    0.00    0.00
95      0.00    0.00    0.00    0.00
96      0.00    0.00    0.00    0.00
97      0.00    0.00    0.00    0.00
98      0.00    0.00    0.00    0.00
99      0.00    0.00    0.00    0.00
