SampleRight, LeftBump, RightBump, LeftSpd, RightSpd
0       0.01    0.01    0.30    0.31
1       0.01    0.01    0.47    0.48
2       0.01    0.03    0.52    0.52
3       0.01    0.00    0.52    0.52
4       0.01    0.00    0.48    0.47
5       0.00    0.03    0.49    0.52
6       0.00    -0.00   0.48    0.51
7       0.00    0.00    0.50    0.46
8       0.19    0.00    0.16    0.20
9       0.06    0.00    0.08    0.10
10      0.12    0.02    0.18    0.19
11      0.03    0.01    0.07    0.07
12      0.06    0.07    0.18    0.19
13      0.09    0.10    0.40    0.39
14      0.07    0.09    0.49    0.49
15      0.07    0.07    0.53    0.53
16      0.08    0.08    0.54    0.51
17      0.07    0.07    0.51    0.53
18      0.07    0.07    0.48    0.51
19      0.06    0.06    0.48    0.48
20      0.07    0.06    0.52    0.53
21      0.07    0.06    0.49    0.49
22      0.07    0.06    0.50    0.49
23      0.07    0.06    0.52    0.52
24      0.07    0.06    0.50    0.51
25      0.07    0.05    0.48    0.47
26      0.07    0.05    0.53    0.53
27      0.08    0.06    0.51    0.52
28      0.08    0.06    0.52    0.48
29      0.08    0.05    0.51    0.52
30      0.08    0.05    0.50    0.49
31      0.11    0.05    0.49    0.51
32      0.08    0.05    0.49    0.52
33      0.10    0.05    0.48    0.47
34      0.08    0.04    0.49    0.52
35      0.09    0.03    0.53    0.49
36      0.11    0.02    0.41    0.38
37      0.07    0.00    0.18    0.17
38      0.08    0.05    0.18    0.17
39      0.08    0.07    0.39    0.41
40      0.08    0.06    0.52    0.46
41      0.08    0.06    0.52    0.48
42      0.07    0.06    0.52    0.49
43      0.09    0.06    0.49    0.49
44      0.08    0.04    0.49    0.51
45      0.09    0.03    0.48    0.48
46      0.12    0.02    0.48    0.55
47      0.10    0.02    0.41    0.38
48      0.06    0.00    0.07    0.08
49      0.08    0.05    0.21    0.22
50      0.08    0.06    0.40    0.38
51      0.09    0.06    0.46    0.47
52      0.08    0.02    0.55    0.53
53      0.13    0.01    0.51    0.53
54      0.07    0.00    0.13    0.19
55      0.10    0.04    0.16    0.20
56      0.10    0.04    0.39    0.36
57      0.11    0.04    0.50    0.48
58      0.10    0.02    0.22    0.25
59      0.05    0.00    0.09    0.11
60      0.09    0.06    0.31    0.27
61      0.07    0.04    0.45    0.41
62      0.10    0.04    0.50    0.53
63      0.11    0.01    0.42    0.40
64      0.06    0.00    0.04    0.13
65      0.11    0.06    0.24    0.19
66      0.09    0.04    0.43    0.37
67      0.10    0.03    0.53    0.55
68      0.03    0.00    0.17    0.21
69      0.07    0.03    0.14    0.19
70      0.08    0.03    0.40    0.39
71      0.08    0.02    0.53    0.49
72      0.11    0.00    0.54    0.54
73      0.00    0.00    0.24    0.24
74      0.06    0.00    0.15    0.12
75      0.10    0.01    0.43    0.39
76      0.05    0.00    0.19    0.19
77      0.07    0.03    0.21    0.19
78      0.09    0.03    0.42    0.41
79      0.11    0.00    0.52    0.50
80      -0.00   0.00    0.21    0.21
81      0.09    0.03    0.16    0.20
82      0.12    0.01    0.45    0.37
83      0.04    0.00    0.09    0.12
84      0.08    0.00    0.13    0.18
85      0.04    0.00    0.03    0.03
86      0.08    0.05    0.16    0.21
87      0.08    0.03    0.51    0.46
88      0.12    0.01    0.48    0.44
89      0.08    0.00    0.12    0.20
90      0.07    0.02    0.16    0.16
91      0.11    0.02    0.47    0.42
92      0.06    0.00    0.15    0.16
93      0.10    0.03    0.17    0.18
94      0.10    0.01    0.46    0.42
95      0.00    0.00    0.00    0.00
96      0.00    0.00    0.00    0.00
97      0.00    0.00    0.00    0.00
98      0.00    0.00    0.00    0.00
99      0.00    0.00    0.00    0.00
