SampleRight, LeftBump, RightBump, LeftSpd, RightSpd
0       0.01    0.01    0.31    0.31
1       0.01    0.01    0.48    0.50
2       0.00    0.00    0.53    0.55
3       0.01    0.00    0.53    0.51
4       0.00    0.00    0.46    0.49
5       0.00    0.00    0.53    0.53
6       0.00    0.00    0.55    0.51
7       0.00    0.00    0.51    0.52
8       0.28    0.00    0.06    0.07
9       0.00    0.00    0.04    0.12
10      0.08    0.04    0.24    0.22
11      0.12    0.10    0.31    0.33
12      0.10    0.10    0.50    0.50
13      0.09    0.09    0.50    0.49
14      0.09    0.08    0.58    0.53
15      0.09    0.08    0.49    0.49
16      0.09    0.07    0.50    0.50
17      0.09    0.07    0.53    0.54
18      0.10    0.07    0.46    0.49
19      0.10    0.07    0.51    0.54
20      0.09    0.06    0.47    0.55
21      0.10    0.07    0.50    0.52
22      0.10    0.06    0.52    0.48
23      0.10    0.05    0.48    0.52
24      0.11    0.06    0.51    0.53
25      0.09    0.06    0.48    0.51
26      0.10    0.08    0.52    0.52
27      0.08    0.05    0.51    0.49
28      0.08    0.04    0.51    0.50
29      0.10    0.09    0.49    0.50
30      0.11    0.07    0.50    0.53
31      0.10    0.06    0.48    0.51
32      0.09    0.06    0.48    0.48
33      0.11    0.06    0.54    0.54
34      0.11    0.05    0.48    0.49
35      0.10    0.04    0.54    0.48
36      0.12    0.06    0.53    0.54
37      0.09    0.04    0.48    0.47
38      0.10    0.05    0.52    0.49
39      0.12    0.06    0.50    0.50
40      0.10    0.04    0.54    0.51
41      0.10    0.05    0.47    0.51
42      0.12    0.06    0.49    0.53
43      0.12    0.05    0.51    0.51
44      0.10    0.04    0.50    0.50
45      0.12    0.05    0.51    0.47
46      0.10    0.05    0.54    0.49
47      0.10    0.03    0.48    0.52
48      0.12    0.04    0.53    0.51
49      0.12    0.03    0.52    0.49
50      0.05    0.01    0.09    0.16
51      0.09    0.07    0.16    0.19
52      0.09    0.08    0.34    0.38
53      0.09    0.09    0.43    0.45
54      0.08    0.07    0.56    0.52
55      0.10    0.09    0.48    0.50
56      0.08    0.06    0.55    0.48
57      0.12    0.07    0.52    0.55
58      0.10    0.06    0.53    0.52
59      0.09    0.06    0.54    0.52
60      0.09    0.04    0.51    0.52
61      0.09    0.04    0.51    0.53
62      0.09    0.04    0.50    0.53
63      0.09    0.03    0.49    0.50
64      0.08    0.03    0.51    0.53
65      0.08    0.02    0.51    0.49
66      0.09    0.02    0.50    0.50
67      0.10    0.03    0.47    0.51
68      0.10    0.03    0.48    0.49
69      0.10    0.04    0.48    0.49
70      0.10    0.05    0.53    0.49
71      0.10    0.04    0.51    0.52
72      0.10    0.03    0.32    0.25
73      0.03    0.00    0.04    0.09
74      0.08    0.08    0.22    0.27
75      0.08    0.09    0.45    0.45
76      0.08    0.07    0.48    0.51
77      0.09    0.07    0.54    0.49
78      0.09    0.07    0.53    0.52
79      0.08    0.06    0.47    0.49
80      0.11    0.06    0.52    0.51
81      0.09    0.05    0.48    0.49
82      0.10    0.05    0.51    0.50
83      0.11    0.04    0.51    0.48
84      0.03    0.00    0.05    0.17
85      0.07    0.06    0.15    0.18
86      0.08    0.07    0.40    0.37
87      0.07    0.05    0.57    0.51
88      0.09    0.04    0.53    0.54
89      0.10    0.04    0.50    0.47
90      0.11    0.04    0.50    0.49
91      0.05    0.01    0.13    0.13
92      0.10    0.06    0.18    0.18
93      0.00    0.00    0.00    0.00
94      0.00    0.00    0.00    0.00
95      0.00    0.00    0.00    0.00
96      0.00    0.00    0.00    0.00
97      0.00    0.00    0.00    0.00
98      0.00    0.00    0.00    0.00
99      0.00    0.00    0.00    0.00
