SampleLeft, LeftBump, RightBump, LeftSpd, RightSpd
0       0.00    0.00    0.12    0.24
1       0.00    0.00    0.54    0.51
2       0.00    0.00    0.39    0.44
3       0.00    0.00    0.17    0.21
4       0.00    0.00    0.23    0.27
5       0.00    0.00    0.35    0.37
6       0.00    0.00    0.43    0.50
7       0.00    0.00    0.54    0.54
8       0.00    0.00    0.58    0.55
9       0.00    0.00    0.56    0.56
10      0.00    0.00    0.53    0.48
11      0.00    0.00    0.52    0.50
12      0.00    0.00    0.36    0.40
13      0.00    0.00    0.35    0.41
14      0.00    0.00    0.56    0.57
15      0.00    0.00    0.65    0.55
16      0.00    0.00    0.59    0.57
17      0.00    0.00    0.58    0.53
18      0.00    0.00    0.37    0.45
19      0.00    0.00    0.38    0.43
20      0.00    0.00    0.57    0.57
21      0.00    0.00    0.57    0.50
22      0.00    0.00    0.61    0.53
23      0.00    0.00    0.60    0.52
24      0.00    0.00    0.35    0.45
25      0.00    0.00    0.33    0.36
26      0.00    0.00    0.45    0.50
27      0.00    0.00    0.60    0.53
28      0.00    0.00    0.63    0.50
29      0.00    0.00    0.57    0.53
30      0.00    0.00    0.53    0.49
31      0.00    0.00    0.33    0.49
32      0.00    0.00    0.41    0.43
33      0.00    0.00    0.57    0.53
34      0.00    0.00    0.56    0.56
35      0.00    0.00    0.58    0.52
36      0.00    0.00    0.55    0.54
37      0.00    0.00    0.40    0.47
38      0.00    0.00    0.33    0.42
39      0.00    0.00    0.56    0.47
40      0.00    0.00    0.56    0.56
41      0.00    0.00    0.60    0.53
42      0.00    0.00    0.56    0.57
43      0.00    0.00    0.30    0.48
44      0.00    0.00    0.42    0.43
45      0.00    0.00    0.50    0.50
46      0.00    0.00    0.65    0.56
47      0.00    0.00    0.56    0.51
48      0.00    0.00    0.58    0.49
49      0.00    0.00    0.37    0.52
50      0.00    0.00    0.30    0.44
51      0.00    0.00    0.41    0.42
52      0.00    0.00    0.55    0.53
53      0.00    0.00    0.63    0.55
54      0.00    0.00    0.51    0.51
55      0.00    0.00    0.55    0.47
56      0.00    0.00    0.47    0.49
57      0.00    0.00    0.51    0.51
58      0.00    0.00    0.48    0.52
59      0.00    0.00    0.50    0.50
60      0.00    0.00    0.51    0.51
61      0.00    0.00    0.52    0.52
62      0.00    0.00    0.48    0.49
63      0.00    0.00    0.49    0.47
64      0.00    0.00    0.55    0.51
65      0.00    0.00    0.40    0.46
66      0.00    0.00    0.34    0.48
67      0.00    0.00    0.55    0.49
68      0.00    0.00    0.51    0.44
69      0.00    0.00    0.47    0.47
70      0.00    0.00    0.48    0.53
71      0.00    0.00    0.49    0.49
72      0.00    0.00    0.51    0.55
73      0.00    0.00    0.56    0.52
74      0.00    0.00    0.44    0.46
75      0.00    0.00    0.52    0.48
76      0.00    0.00    0.50    0.51
77      0.00    0.00    0.51    0.47
78      0.00    0.00    0.51    0.56
79      0.00    0.00    0.52    0.53
80      0.00    0.00    0.48    0.48
81      0.00    0.00    0.42    0.48
82      0.00    0.00    0.58    0.53
83      0.00    0.00    0.55    0.46
84      0.00    0.00    0.49    0.51
85      0.00    0.00    0.52    0.49
86      0.00    0.00    0.51    0.53
87      0.00    0.00    0.48    0.51
88      0.00    0.00    0.50    0.50
89      0.00    0.00    0.48    0.48
90      0.00    0.00    0.47    0.53
91      0.00    0.00    0.49    0.46
92      0.00    0.00    0.50    0.46
93      0.00    0.00    0.51    0.56
94      0.00    0.00    0.49    0.52
95      0.00    0.00    0.45    0.50
96      0.00    0.00    0.49    0.49
97      0.00    0.00    0.52    0.50
98      0.00    0.00    0.49    0.48
99      0.00    0.00    0.00    0.00
