SampleLeft, LeftBump, RightBump, LeftSpd, RightSpd
0       0.00    0.00    0.13    0.28
1       0.00    0.00    0.54    0.55
2       0.00    0.00    0.40    0.40
3       0.00    0.00    0.24    0.24
4       0.00    0.00    0.31    0.31
5       0.00    0.00    0.37    0.42
6       0.00    0.00    0.48    0.46
7       0.00    0.00    0.46    0.50
8       0.00    0.00    0.48    0.45
9       0.00    0.00    0.55    0.51
10      0.00    0.00    0.55    0.51
11      0.00    0.00    0.53    0.54
12      0.00    0.00    0.53    0.48
13      0.00    0.00    0.49    0.46
14      0.00    0.00    0.48    0.51
15      0.00    0.00    0.49    0.48
16      0.00    0.00    0.49    0.44
17      0.00    0.00    0.51    0.51
18      0.00    0.00    0.51    0.51
19      0.00    0.00    0.50    0.49
20      0.00    0.00    0.52    0.53
21      0.00    0.00    0.52    0.49
22      0.00    0.00    0.50    0.47
23      0.00    0.00    0.48    0.48
24      0.00    0.00    0.50    0.51
25      0.00    0.00    0.49    0.49
26      0.00    0.00    0.48    0.55
27      0.00    0.00    0.52    0.48
28      0.00    0.00    0.53    0.50
29      0.00    0.00    0.51    0.52
30      0.00    0.00    0.49    0.49
31      0.00    0.00    0.50    0.47
32      0.00    0.00    0.48    0.49
33      0.00    0.00    0.51    0.50
34      0.00    0.00    0.49    0.49
35      0.00    0.00    0.48    0.49
36      0.00    0.00    0.50    0.51
37      0.00    0.00    0.49    0.50
38      0.00    0.00    0.50    0.52
39      0.00    0.00    0.48    0.52
40      0.00    0.00    0.47    0.50
41      0.00    0.00    0.51    0.48
42      0.00    0.00    0.50    0.43
43      0.00    0.00    0.51    0.50
44      0.00    0.00    0.45    0.51
45      0.00    0.00    0.43    0.44
46      0.00    0.00    0.53    0.53
47      0.00    0.00    0.51    0.55
48      0.00    0.00    0.57    0.47
49      0.00    0.00    0.53    0.51
50      0.00    0.00    0.48    0.47
51      0.00    0.00    0.47    0.46
52      0.00    0.00    0.48    0.49
53      0.00    0.00    0.48    0.55
54      0.00    0.00    0.50    0.55
55      0.00    0.00    0.51    0.51
56      0.00    0.00    0.49    0.47
57      0.00    0.00    0.49    0.49
58      0.00    0.00    0.48    0.52
59      0.00    0.00    0.50    0.50
60      0.00    0.00    0.47    0.50
61      0.00    0.00    0.56    0.55
62      0.00    0.00    0.56    0.46
63      0.00    0.00    0.51    0.51
64      0.00    0.00    0.49    0.52
65      0.00    0.00    0.47    0.50
66      0.00    0.00    0.49    0.45
67      0.00    0.00    0.51    0.48
68      0.00    0.00    0.47    0.50
69      0.00    0.00    0.47    0.51
70      0.00    0.00    0.51    0.51
71      0.00    0.00    0.52    0.49
72      0.00    0.00    0.50    0.48
73      0.00    0.00    0.45    0.47
74      0.00    0.00    0.46    0.46
75      0.00    0.00    0.51    0.51
76      0.00    0.00    0.51    0.48
77      0.00    0.00    0.49    0.50
78      0.00    0.00    0.52    0.51
79      0.00    0.00    0.51    0.51
80      0.00    0.00    0.49    0.48
81      0.00    0.00    0.50    0.50
82      0.00    0.00    0.48    0.49
83      0.00    0.00    0.50    0.50
84      0.00    0.00    0.48    0.51
85      0.00    0.00    0.51    0.53
86      0.00    0.00    0.51    0.48
87      0.00    0.00    0.48    0.47
88      0.00    0.00    0.50    0.46
89      0.00    0.00    0.51    0.48
90      0.00    0.00    0.52    0.52
91      0.00    0.00    0.48    0.50
92      0.00    0.00    0.51    0.49
93      0.00    0.00    0.51    0.51
94      0.00    0.00    0.51    0.52
95      0.00    0.00    0.51    0.47
96      0.00    0.00    0.51    0.45
97      0.00    0.00    0.49    0.51
98      0.00    0.00    0.45    0.46
99      0.00    0.00    0.00    0.00
