SampleLeft, LeftBump, RightBump, LeftSpd, RightSpd
0       0.00    0.00    0.17    0.25
1       0.00    0.00    0.55    0.48
2       0.00    0.00    0.44    0.44
3       0.00    0.00    0.14    0.21
4       0.00    0.00    0.23    0.26
5       0.00    0.00    0.33    0.36
6       0.00    0.00    0.45    0.43
7       0.00    0.00    0.43    0.47
8       0.00    0.00    0.54    0.55
9       0.00    0.00    0.44    0.47
10      0.00    0.00    0.50    0.45
11      0.00    0.00    0.52    0.56
12      0.00    0.00    0.57    0.52
13      0.00    0.00    0.51    0.50
14      0.00    0.00    0.51    0.51
15      0.00    0.00    0.56    0.47
16      0.00    0.00    0.44    0.47
17      0.00    0.00    0.33    0.50
18      0.00    0.00    0.50    0.47
19      0.00    0.00    0.58    0.50
20      0.00    0.00    0.56    0.57
21      0.00    0.00    0.57    0.53
22      0.00    0.00    0.55    0.49
23      0.00    0.00    0.47    0.52
24      0.00    0.00    0.51    0.51
25      0.00    0.00    0.49    0.56
26      0.00    0.00    0.47    0.48
27      0.00    0.00    0.48    0.55
28      0.00    0.00    0.47    0.46
29      0.00    0.00    0.34    0.39
30      0.00    0.00    0.44    0.40
31      0.00    0.00    0.58    0.47
32      0.00    0.00    0.55    0.53
33      0.00    0.00    0.55    0.54
34      0.00    0.00    0.56    0.53
35      0.00    0.00    0.51    0.56
36      0.00    0.00    0.35    0.35
37      0.00    0.00    0.41    0.33
38      0.00    0.00    0.59    0.53
39      0.00    0.00    0.50    0.56
40      0.00    0.00    0.50    0.54
41      0.00    0.00    0.44    0.53
42      0.00    0.00    0.34    0.39
43      0.00    0.00    0.48    0.55
44      0.00    0.00    0.48    0.46
45      0.00    0.00    0.55    0.51
46      0.00    0.00    0.59    0.55
47      0.00    0.00    0.50    0.52
48      0.00    0.00    0.40    0.45
49      0.00    0.00    0.49    0.52
50      0.00    0.00    0.52    0.51
51      0.00    0.00    0.50    0.52
52      0.00    0.00    0.56    0.59
53      0.00    0.00    0.56    0.57
54      0.00    0.00    0.39    0.44
55      0.00    0.00    0.27    0.37
56      0.00    0.00    0.39    0.39
57      0.00    0.00    0.48    0.43
58      0.00    0.00    0.36    0.43
59      0.00    0.00    0.37    0.38
60      0.00    0.00    0.40    0.41
61      0.00    0.00    0.43    0.37
62      0.00    0.00    0.49    0.47
63      0.00    0.00    0.39    0.37
64      0.00    0.00    0.29    0.37
65      0.00    0.00    0.20    0.35
66      0.00    0.00    0.18    0.29
67      0.00    0.00    0.41    0.37
68      0.00    0.00    0.35    0.25
69      0.00    0.00    0.23    0.24
70      0.00    0.00    0.40    0.32
71      0.00    0.00    0.38    0.42
72      0.00    0.00    0.29    0.37
73      0.00    0.00    0.31    0.32
74      0.00    0.00    0.45    0.39
75      0.00    0.00    0.52    0.46
76      0.00    0.00    0.44    0.42
77      0.00    0.00    0.29    0.38
78      0.00    0.00    0.42    0.38
79      0.00    0.00    0.45    0.42
80      0.00    0.00    0.35    0.42
81      0.00    0.00    0.43    0.46
82      0.00    0.00    0.35    0.35
83      0.00    0.00    0.32    0.37
84      0.00    0.00    0.28    0.34
85      0.00    0.00    0.43    0.39
86      0.00    0.00    0.38    0.35
87      0.00    0.00    0.34    0.34
88      0.00    0.00    0.29    0.30
89      0.00    0.00    0.43    0.32
90      0.00    0.00    0.36    0.33
91      0.00    0.00    0.29    0.38
92      0.00    0.00    0.27    0.37
93      0.00    0.00    0.39    0.33
94      0.00    0.00    0.29    0.31
95      0.00    0.00    0.23    0.33
96      0.00    0.00    0.38    0.34
97      0.00    0.00    0.42    0.32
98      0.00    0.00    0.38    0.31
99      0.00    0.00    0.37    0.29
