SampleLeft, LeftBump, RightBump, LeftSpd, RightSpd
0       0.00    0.00    0.21    0.23
1       0.00    0.00    0.52    0.49
2       0.00    0.00    0.43    0.41
3       0.00    0.00    0.16    0.22
4       0.00    0.00    0.27    0.30
5       0.00    0.00    0.37    0.37
6       0.00    0.00    0.42    0.48
7       0.00    0.00    0.44    0.48
8       0.00    0.00    0.44    0.48
9       0.00    0.00    0.42    0.43
10      0.00    0.00    0.42    0.49
11      0.00    0.00    0.44    0.49
12      0.00    0.00    0.49    0.46
13      0.00    0.00    0.49    0.51
14      0.00    0.00    0.67    0.48
15      0.00    0.00    0.55    0.50
16      0.00    0.00    0.54    0.52
17      0.00    0.00    0.56    0.48
18      0.00    0.00    0.47    0.55
19      0.00    0.00    0.53    0.47
20      0.00    0.00    0.51    0.48
21      0.00    0.00    0.48    0.52
22      0.00    0.00    0.50    0.51
23      0.00    0.00    0.49    0.55
24      0.00    0.00    0.52    0.51
25      0.00    0.00    0.48    0.49
26      0.00    0.00    0.52    0.51
27      0.00    0.00    0.39    0.43
28      0.00    0.00    0.34    0.46
29      0.00    0.00    0.52    0.52
30      0.00    0.00    0.53    0.49
31      0.00    0.00    0.52    0.52
32      0.00    0.00    0.53    0.53
33      0.00    0.00    0.48    0.51
34      0.00    0.00    0.48    0.48
35      0.00    0.00    0.42    0.51
36      0.00    0.00    0.37    0.49
37      0.00    0.00    0.46    0.46
38      0.00    0.00    0.50    0.51
39      0.00    0.00    0.56    0.52
40      0.00    0.00    0.59    0.49
41      0.00    0.00    0.59    0.51
42      0.00    0.00    0.55    0.50
43      0.00    0.00    0.52    0.51
44      0.00    0.00    0.48    0.51
45      0.00    0.00    0.52    0.50
46      0.00    0.00    0.52    0.48
47      0.00    0.00    0.48    0.49
48      0.00    0.00    0.48    0.51
49      0.00    0.00    0.36    0.50
50      0.00    0.00    0.36    0.47
51      0.00    0.00    0.42    0.54
52      0.00    0.00    0.47    0.44
53      0.00    0.00    0.40    0.47
54      0.00    0.00    0.38    0.42
55      0.00    0.00    0.54    0.42
56      0.00    0.00    0.64    0.55
57      0.00    0.00    0.59    0.46
58      0.00    0.00    0.61    0.48
59      0.00    0.00    0.51    0.49
60      0.00    0.00    0.50    0.51
61      0.00    0.00    0.48    0.51
62      0.00    0.00    0.39    0.41
63      0.00    0.00    0.31    0.46
64      0.00    0.00    0.32    0.42
65      0.00    0.00    0.53    0.47
66      0.00    0.00    0.49    0.46
67      0.00    0.00    0.61    0.55
68      0.00    0.00    0.52    0.52
69      0.00    0.00    0.48    0.58
70      0.00    0.00    0.42    0.52
71      0.00    0.00    0.35    0.49
72      0.00    0.00    0.38    0.47
73      0.00    0.00    0.49    0.51
74      0.00    0.00    0.55    0.45
75      0.00    0.00    0.65    0.49
76      0.00    0.00    0.60    0.54
77      0.00    0.00    0.54    0.55
78      0.00    0.00    0.49    0.49
79      0.00    0.00    0.40    0.39
80      0.00    0.00    0.34    0.47
81      0.00    0.00    0.37    0.55
82      0.00    0.00    0.45    0.42
83      0.00    0.00    0.35    0.36
84      0.00    0.00    0.48    0.38
85      0.00    0.00    0.38    0.41
86      0.00    0.00    0.35    0.38
87      0.00    0.00    0.42    0.42
88      0.00    0.00    0.38    0.53
89      0.00    0.00    0.35    0.55
90      0.00    0.00    0.27    0.40
91      0.00    0.00    0.48    0.44
92      0.00    0.00    0.42    0.51
93      0.00    0.00    0.32    0.39
94      0.00    0.00    0.34    0.43
95      0.00    0.00    0.37    0.37
96      0.00    0.00    0.53    0.48
97      0.00    0.00    0.51    0.54
98      0.00    0.00    0.46    0.37
99      0.00    0.00    0.00    0.00
