SampleLeft, LeftBump, RightBump, LeftSpd, RightSpd
0       0.00    0.00    0.13    0.19
1       0.00    0.00    0.54    0.54
2       0.00    0.00    0.49    0.48
3       0.00    0.00    0.13    0.22
4       0.00    0.00    0.22    0.23
5       0.00    0.00    0.32    0.41
6       0.00    0.00    0.49    0.43
7       0.00    0.00    0.44    0.51
8       0.00    0.00    0.56    0.56
9       0.00    0.00    0.57    0.53
10      0.00    0.00    0.43    0.43
11      0.00    0.00    0.48    0.42
12      0.00    0.00    0.55    0.51
13      0.00    0.00    0.56    0.45
14      0.00    0.00    0.48    0.48
15      0.00    0.00    0.48    0.48
16      0.00    0.00    0.49    0.52
17      0.00    0.00    0.52    0.48
18      0.00    0.00    0.51    0.52
19      0.00    0.00    0.47    0.50
20      0.00    0.00    0.51    0.56
21      0.00    0.00    0.55    0.51
22      0.00    0.00    0.51    0.51
23      0.00    0.00    0.52    0.55
24      0.00    0.00    0.48    0.54
25      0.00    0.00    0.49    0.51
26      0.00    0.00    0.38    0.47
27      0.00    0.00    0.42    0.40
28      0.00    0.00    0.49    0.48
29      0.00    0.00    0.53    0.49
30      0.00    0.00    0.43    0.41
31      0.00    0.00    0.40    0.48
32      0.00    0.00    0.55    0.58
33      0.00    0.00    0.55    0.50
34      0.00    0.00    0.54    0.50
35      0.00    0.00    0.53    0.49
36      0.00    0.00    0.50    0.50
37      0.00    0.00    0.46    0.49
38      0.00    0.00    0.51    0.51
39      0.00    0.00    0.49    0.52
40      0.00    0.00    0.48    0.50
41      0.00    0.00    0.51    0.55
42      0.00    0.00    0.49    0.53
43      0.00    0.00    0.51    0.48
44      0.00    0.00    0.47    0.54
45      0.00    0.00    0.42    0.43
46      0.00    0.00    0.37    0.43
47      0.00    0.00    0.62    0.52
48      0.00    0.00    0.52    0.49
49      0.00    0.00    0.42    0.44
50      0.00    0.00    0.45    0.46
51      0.00    0.00    0.59    0.49
52      0.00    0.00    0.62    0.54
53      0.00    0.00    0.55    0.56
54      0.00    0.00    0.50    0.50
55      0.00    0.00    0.52    0.51
56      0.00    0.00    0.45    0.50
57      0.00    0.00    0.49    0.48
58      0.00    0.00    0.52    0.52
59      0.00    0.00    0.46    0.47
60      0.00    0.00    0.51    0.50
61      0.00    0.00    0.53    0.52
62      0.00    0.00    0.52    0.49
63      0.00    0.00    0.54    0.51
64      0.00    0.00    0.51    0.51
65      0.00    0.00    0.50    0.49
66      0.00    0.00    0.51    0.46
67      0.00    0.00    0.46    0.52
68      0.00    0.00    0.47    0.52
69      0.00    0.00    0.47    0.42
70      0.00    0.00    0.43    0.44
71      0.00    0.00    0.39    0.39
72      0.00    0.00    0.34    0.38
73      0.00    0.00    0.38    0.46
74      0.00    0.00    0.37    0.42
75      0.00    0.00    0.39    0.42
76      0.00    0.00    0.39    0.41
77      0.00    0.00    0.39    0.41
78      0.00    0.00    0.33    0.38
79      0.00    0.00    0.36    0.39
80      0.00    0.00    0.33    0.35
81      0.00    0.00    0.32    0.33
82      0.00    0.00    0.42    0.33
83      0.00    0.00    0.32    0.31
84      0.00    0.00    0.30    0.33
85      0.00    0.00    0.33    0.37
86      0.00    0.00    0.26    0.32
87      0.00    0.00    0.19    0.28
88      0.00    0.00    0.09    0.30
89      0.00    0.00    0.12    0.18
90      0.00    0.00    0.13    0.15
91      0.00    0.00    0.08    0.08
92      0.00    0.00    0.10    0.05
93      0.00    0.00    0.06    0.06
94      0.00    0.00    0.08    0.08
95      0.00    0.00    0.03    0.08
96      0.00    0.00    0.09    0.09
97      0.00    0.00    0.04    0.05
98      0.00    0.00    0.06    0.08
99      0.00    0.00    0.00    0.00
