SampleLeft, LeftBump, RightBump, LeftSpd, RightSpd
0       0.00    0.00    0.18    0.25
1       0.00    0.00    0.49    0.52
2       0.00    0.00    0.40    0.45
3       0.00    0.00    0.28    0.27
4       0.00    0.00    0.23    0.24
5       0.00    0.00    0.33    0.33
6       0.00    0.00    0.42    0.46
7       0.00    0.00    0.56    0.59
8       0.00    0.00    0.57    0.56
9       0.00    0.00    0.56    0.51
10      0.00    0.00    0.52    0.51
11      0.00    0.00    0.48    0.51
12      0.00    0.00    0.48    0.50
13      0.00    0.00    0.49    0.50
14      0.00    0.00    0.51    0.50
15      0.00    0.00    0.51    0.51
16      0.00    0.00    0.52    0.51
17      0.00    0.00    0.48    0.51
18      0.00    0.00    0.58    0.52
19      0.00    0.00    0.45    0.47
20      0.00    0.00    0.40    0.42
21      0.00    0.00    0.51    0.45
22      0.00    0.00    0.54    0.55
23      0.00    0.00    0.58    0.53
24      0.00    0.00    0.46    0.48
25      0.00    0.00    0.38    0.43
26      0.00    0.00    0.44    0.45
27      0.00    0.00    0.42    0.46
28      0.00    0.00    0.59    0.52
29      0.00    0.00    0.50    0.48
30      0.00    0.00    0.51    0.44
31      0.00    0.00    0.59    0.54
32      0.00    0.00    0.65    0.53
33      0.00    0.00    0.57    0.58
34      0.00    0.00    0.50    0.46
35      0.00    0.00    0.30    0.43
36      0.00    0.00    0.40    0.40
37      0.00    0.00    0.52    0.52
38      0.00    0.00    0.56    0.52
39      0.00    0.00    0.61    0.53
40      0.00    0.00    0.44    0.51
41      0.00    0.00    0.36    0.44
42      0.00    0.00    0.55    0.48
43      0.00    0.00    0.56    0.56
44      0.00    0.00    0.56    0.48
45      0.00    0.00    0.54    0.49
46      0.00    0.00    0.51    0.56
47      0.00    0.00    0.48    0.48
48      0.00    0.00    0.48    0.48
49      0.00    0.00    0.48    0.53
50      0.00    0.00    0.52    0.47
51      0.00    0.00    0.51    0.50
52      0.00    0.00    0.48    0.49
53      0.00    0.00    0.45    0.45
54      0.00    0.00    0.51    0.50
55      0.00    0.00    0.48    0.56
56      0.00    0.00    0.49    0.46
57      0.00    0.00    0.48    0.48
58      0.00    0.00    0.48    0.48
59      0.00    0.00    0.52    0.47
60      0.00    0.00    0.48    0.46
61      0.00    0.00    0.45    0.48
62      0.00    0.00    0.48    0.52
63      0.00    0.00    0.47    0.51
64      0.00    0.00    0.44    0.47
65      0.00    0.00    0.39    0.46
66      0.00    0.00    0.48    0.49
67      0.00    0.00    0.52    0.49
68      0.00    0.00    0.46    0.45
69      0.00    0.00    0.51    0.52
70      0.00    0.00    0.45    0.50
71      0.00    0.00    0.48    0.51
72      0.00    0.00    0.48    0.50
73      0.00    0.00    0.49    0.51
74      0.00    0.00    0.37    0.38
75      0.00    0.00    0.44    0.48
76      0.00    0.00    0.51    0.42
77      0.00    0.00    0.53    0.41
78      0.00    0.00    0.46    0.48
79      0.00    0.00    0.44    0.48
80      0.00    0.00    0.44    0.44
81      0.00    0.00    0.47    0.50
82      0.00    0.00    0.52    0.49
83      0.00    0.00    0.47    0.46
84      0.00    0.00    0.48    0.52
85      0.00    0.00    0.49    0.48
86      0.00    0.00    0.38    0.46
87      0.00    0.00    0.40    0.51
88      0.00    0.00    0.45    0.50
89      0.00    0.00    0.29    0.34
90      0.00    0.00    0.23    0.25
91      0.00    0.00    0.22    0.30
92      0.00    0.00    0.20    0.32
93      0.00    0.00    0.26    0.34
94      0.00    0.00    0.25    0.33
95      0.00    0.00    0.24    0.28
96      0.00    0.00    0.23    0.18
97      0.00    0.00    0.16    0.14
98      0.00    0.00    0.19    0.11
99      0.00    0.00    0.00    0.00
