SampleLeft, LeftBump, RightBump, LeftSpd, RightSpd
0       0.00    0.00    0.21    0.20
1       0.00    0.00    0.48    0.57
2       0.00    0.00    0.43    0.34
3       0.00    0.00    0.14    0.32
4       0.00    0.00    0.30    0.27
5       0.00    0.00    0.28    0.42
6       0.00    0.00    0.45    0.45
7       0.00    0.00    0.47    0.43
8       0.00    0.00    0.56    0.55
9       0.00    0.00    0.60    0.55
10      0.00    0.00    0.46    0.46
11      0.00    0.00    0.46    0.46
12      0.00    0.00    0.43    0.48
13      0.00    0.00    0.48    0.46
14      0.00    0.00    0.65    0.49
15      0.00    0.00    0.56    0.47
16      0.00    0.00    0.53    0.51
17      0.00    0.00    0.55    0.48
18      0.00    0.00    0.47    0.52
19      0.00    0.00    0.55    0.50
20      0.00    0.00    0.51    0.53
21      0.00    0.00    0.51    0.52
22      0.00    0.00    0.49    0.50
23      0.00    0.00    0.52    0.49
24      0.00    0.00    0.47    0.49
25      0.00    0.00    0.49    0.52
26      0.00    0.00    0.51    0.52
27      0.00    0.00    0.50    0.49
28      0.00    0.00    0.50    0.50
29      0.00    0.00    0.48    0.51
30      0.00    0.00    0.52    0.48
31      0.00    0.00    0.50    0.47
32      0.00    0.00    0.48    0.52
33      0.00    0.00    0.47    0.46
34      0.00    0.00    0.53    0.51
35      0.00    0.00    0.48    0.53
36      0.00    0.00    0.47    0.50
37      0.00    0.00    0.50    0.50
38      0.00    0.00    0.49    0.56
39      0.00    0.00    0.49    0.48
40      0.00    0.00    0.50    0.47
41      0.00    0.00    0.41    0.55
42      0.00    0.00    0.41    0.41
43      0.00    0.00    0.51    0.52
44      0.00    0.00    0.53    0.53
45      0.00    0.00    0.55    0.50
46      0.00    0.00    0.56    0.52
47      0.00    0.00    0.52    0.51
48      0.00    0.00    0.45    0.52
49      0.00    0.00    0.52    0.51
50      0.00    0.00    0.48    0.48
51      0.00    0.00    0.49    0.46
52      0.00    0.00    0.43    0.50
53      0.00    0.00    0.43    0.46
54      0.00    0.00    0.55    0.51
55      0.00    0.00    0.52    0.48
56      0.00    0.00    0.51    0.50
57      0.00    0.00    0.48    0.53
58      0.00    0.00    0.52    0.55
59      0.00    0.00    0.43    0.47
60      0.00    0.00    0.50    0.47
61      0.00    0.00    0.49    0.52
62      0.00    0.00    0.42    0.44
63      0.00    0.00    0.43    0.46
64      0.00    0.00    0.57    0.52
65      0.00    0.00    0.48    0.51
66      0.00    0.00    0.53    0.46
67      0.00    0.00    0.52    0.47
68      0.00    0.00    0.46    0.50
69      0.00    0.00    0.52    0.51
70      0.00    0.00    0.55    0.51
71      0.00    0.00    0.44    0.44
72      0.00    0.00    0.43    0.51
73      0.00    0.00    0.43    0.44
74      0.00    0.00    0.49    0.52
75      0.00    0.00    0.57    0.52
76      0.00    0.00    0.56    0.48
77      0.00    0.00    0.50    0.49
78      0.00    0.00    0.53    0.55
79      0.00    0.00    0.39    0.51
80      0.00    0.00    0.37    0.51
81      0.00    0.00    0.55    0.47
82      0.00    0.00    0.56    0.49
83      0.00    0.00    0.51    0.48
84      0.00    0.00    0.51    0.42
85      0.00    0.00    0.46    0.46
86      0.00    0.00    0.34    0.52
87      0.00    0.00    0.64    0.57
88      0.00    0.00    0.59    0.59
89      0.00    0.00    0.57    0.49
90      0.00    0.00    0.53    0.48
91      0.00    0.00    0.50    0.50
92      0.00    0.00    0.51    0.46
93      0.00    0.00    0.43    0.51
94      0.00    0.00    0.47    0.48
95      0.00    0.00    0.50    0.46
96      0.00    0.00    0.53    0.48
97      0.00    0.00    0.52    0.55
98      0.00    0.00    0.49    0.49
99      0.00    0.00    0.00    0.00
