SampleLeft, LeftBump, RightBump, LeftSpd, RightSpd
0       0.29    0.25    0.54    0.60
1       0.08    0.15    0.76    0.71
2       0.13    0.13    0.73    0.71
3       0.16    0.14    0.78    0.77
4       0.20    0.15    0.76    0.73
5       0.18    0.11    0.72    0.69
6       0.18    0.10    0.76    0.74
7       0.19    0.09    0.72    0.74
8       0.17    0.07    0.77    0.77
9       0.21    0.08    0.72    0.74
10      0.23    0.08    0.75    0.74
11      0.23    0.06    0.71    0.69
12      0.28    0.06    0.68    0.71
13      0.26    0.04    0.71    0.72
14      0.21    0.10    0.66    0.73
15      0.02    0.17    0.53    0.66
16      0.03    0.17    0.62    0.58
17      0.03    0.16    0.69    0.58
18      0.03    0.16    0.64    0.58
19      0.02    0.17    0.74    0.64
20      0.01    0.17    0.76    0.68
21      0.01    0.18    0.71    0.82
22      0.03    0.14    0.73    0.63
23      0.11    0.17    0.67    0.62
24      0.25    0.13    0.70    0.69
25      0.19    0.12    0.64    0.67
26      0.21    0.13    0.71    0.73
27      0.21    0.12    0.78    0.74
28      0.22    0.10    0.68    0.68
29      0.25    0.09    0.70    0.67
30      0.29    0.05    0.66    0.68
31      0.33    0.03    0.67    0.67
32      0.25    0.10    0.65    0.77
33      0.11    0.17    0.63    0.76
34      0.04    0.19    0.67    0.66
35      0.04    0.16    0.67    0.52
36      0.04    0.23    0.66    0.51
37      0.19    0.13    0.64    0.59
38      0.20    0.12    0.61    0.68
39      0.13    0.16    0.61    0.58
40      0.07    0.18    0.61    0.53
41      0.22    0.18    0.62    0.54
42      0.25    0.12    0.55    0.53
43      0.28    0.06    0.63    0.63
44      0.32    0.06    0.64    0.68
45      0.35    0.03    0.62    0.66
46      0.33    0.04    0.66    0.70
47      0.28    0.02    0.70    0.71
48      0.38    0.03    0.67    0.72
49      0.34    0.03    0.64    0.61
50      0.29    0.03    0.67    0.71
51      0.23    0.02    0.63    0.74
52      0.15    0.18    0.60    0.75
53      0.03    0.29    0.51    0.52
54      0.04    0.17    0.68    0.62
55      0.05    0.15    0.73    0.66
56      0.03    0.16    0.68    0.62
57      0.05    0.19    0.70    0.61
58      0.09    0.13    0.71    0.72
59      0.13    0.14    0.73    0.73
60      0.16    0.14    0.67    0.71
61      0.19    0.17    0.63    0.71
62      0.05    0.23    0.62    0.64
63      0.05    0.14    0.72    0.67
64      0.05    0.15    0.76    0.72
65      0.05    0.12    0.69    0.78
66      0.04    0.06    0.79    0.89
67      0.04    0.05    0.93    0.85
68      0.02    0.03    0.88    0.84
69      0.04    0.02    0.87    0.83
70      0.03    0.03    0.94    0.90
71      0.03    0.03    1.00    1.00
72      0.02    0.02    1.02    1.12
73      0.02    0.03    1.12    1.18
74      0.03    0.02    1.07    1.13
75      0.03    0.01    1.11    1.20
76      0.04    0.03    1.10    1.16
77      0.03    0.03    1.10    1.23
78      0.13    0.03    1.12    1.18
79      0.04    0.03    1.09    1.17
80      0.03    0.02    1.13    1.21
81      0.04    0.03    1.10    1.20
82      0.03    0.02    1.07    1.16
83      0.02    0.02    1.10    1.16
84      0.31    0.02    0.77    0.73
85      0.18    0.03    0.85    0.63
86      0.28    0.02    0.54    0.59
87      0.19    0.01    0.76    0.71
88      0.33    0.03    0.74    0.72
89      0.30    0.04    0.61    0.57
90      0.21    0.02    0.93    0.86
91      0.62    0.04    0.59    0.79
92      0.40    0.01    0.53    0.52
93      0.19    0.08    0.75    0.79
94      0.12    0.08    0.78    0.81
95      0.12    0.09    0.78    0.82
96      0.08    0.06    0.77    0.77
97      0.06    0.05    0.82    0.82
98      0.07    0.11    0.78    0.78
99      0.00    0.00    0.00    0.00