SampleRight, LeftBump, RightBump, LeftSpd, RightSpd
0       0.09    0.02    0.37    0.35
1       0.07    0.02    0.55    0.53
2       0.06    0.01    0.49    0.48
3       0.05    0.01    0.51    0.48
4       0.04    0.01    0.51    0.52
5       0.05    0.01    0.49    0.47
6       0.05    0.01    0.51    0.48
7       0.04    0.01    0.48    0.48
8       1.00    0.04    0.27    0.25
9       0.66    0.01    0.05    0.12
10      0.46    0.03    0.00    0.00
11      0.34    0.05    0.00    0.00
12      0.22    0.06    0.00    0.00
13      0.22    0.06    0.00    0.00
14      0.07    0.06    0.13    0.24
15      0.07    0.12    0.50    0.39
16      0.05    0.09    0.52    0.51
17      0.07    0.10    0.49    0.51
18      0.05    0.07    0.52    0.53
19      0.07    0.06    0.52    0.52
20      0.04    0.08    0.46    0.48
21      0.05    0.08    0.47    0.50
22      0.07    0.10    0.47    0.46
23      0.04    0.08    0.54    0.54
24      0.05    0.08    0.51    0.50
25      0.07    0.08    0.49    0.51
26      0.07    0.08    0.51    0.51
27      0.11    0.08    0.48    0.47
28      0.20    0.12    0.52    0.49
29      0.11    0.08    0.56    0.52
30      0.08    0.07    0.49    0.48
31      0.14    0.07    0.49    0.49
32      0.15    0.07    0.48    0.48
33      0.19    0.09    0.49    0.47
34      0.18    0.08    0.51    0.49
35      0.20    0.06    0.54    0.48
36      0.21    0.07    0.49    0.51
37      0.15    0.06    0.51    0.53
38      0.18    0.07    0.51    0.51
39      0.18    0.07    0.51    0.49
40      0.12    0.06    0.51    0.51
41      0.16    0.06    0.51    0.48
42      0.12    0.05    0.48    0.48
43      0.12    0.05    0.50    0.52
44      0.18    0.07    0.48    0.45
45      0.15    0.08    0.52    0.51
46      0.15    0.06    0.52    0.52
47      0.15    0.06    0.52    0.53
48      0.14    0.06    0.51    0.51
49      0.14    0.06    0.51    0.52
50      0.12    0.05    0.52    0.52
51      0.06    0.04    0.51    0.52
52      0.13    0.05    0.50    0.51
53      0.17    0.06    0.48    0.47
54      0.26    0.07    0.46    0.46
55      0.26    0.07    0.45    0.48
56      0.29    0.08    0.46    0.49
57      0.28    0.10    0.47    0.49
58      0.20    0.06    0.53    0.56
59      0.22    0.07    0.53    0.52
60      0.21    0.06    0.49    0.51
61      0.18    0.06    0.48    0.49
62      0.21    0.06    0.48    0.51
63      0.21    0.06    0.49    0.49
64      0.25    0.06    0.49    0.52
65      0.24    0.06    0.50    0.50
66      0.24    0.07    0.52    0.53
67      0.24    0.07    0.48    0.51
68      0.17    0.05    0.49    0.52
69      0.26    0.07    0.48    0.47
70      0.22    0.07    0.56    0.52
71      0.17    0.05    0.51    0.45
72      0.25    0.06    0.48    0.49
73      0.21    0.06    0.55    0.51
74      0.25    0.06    0.48    0.48
75      0.21    0.06    0.49    0.53
76      0.14    0.05    0.52    0.49
77      0.27    0.06    0.48    0.44
78      0.30    0.07    0.48    0.52
79      0.28    0.07    0.50    0.50
80      0.26    0.07    0.48    0.50
81      0.31    0.07    0.52    0.49
82      0.28    0.07    0.51    0.54
83      0.28    0.06    0.52    0.52
84      0.29    0.06    0.48    0.48
85      0.29    0.06    0.47    0.49
86      0.29    0.07    0.48    0.51
87      0.25    0.07    0.55    0.55
88      0.27    0.06    0.52    0.49
89      0.31    0.10    0.48    0.49
90      0.29    0.07    0.48    0.51
91      0.25    0.06    0.52    0.49
92      0.22    0.05    0.52    0.53
93      0.28    0.06    0.52    0.52
94      0.27    0.08    0.50    0.49
95      0.22    0.06    0.51    0.52
96      0.27    0.06    0.50    0.48
97      0.33    0.07    0.51    0.51
98      0.00    0.00    0.00    0.00
99      0.00    0.00    0.00    0.00
