SampleRight, LeftBump, RightBump, LeftSpd, RightSpd
0       0.05    0.39    0.26    0.30
1       0.04    0.39    0.55    0.50
2       0.04    0.28    0.53    0.53
3       0.07    0.22    0.48    0.47
4       0.04    0.22    0.51    0.51
5       0.04    0.11    0.51    0.52
6       0.04    0.22    0.52    0.48
7       0.09    0.00    0.22    0.29
8       0.18    0.28    0.41    0.41
9       0.15    0.67    0.50    0.48
10      0.19    1.00    0.63    0.63
11      0.23    0.28    0.87    0.86
12      0.23    0.28    0.14    0.25
13      0.03    0.11    0.37    0.35
14      0.09    0.22    0.36    0.41
15      0.17    1.00    0.74    0.77
16      0.19    1.00    0.99    0.99
17      0.26    0.33    0.22    0.19
18      0.03    0.00    0.18    0.13
19      0.04    0.11    0.41    0.45
20      0.28    1.00    0.28    0.29
21      0.11    0.83    0.37    0.41
22      0.15    1.00    0.67    0.65
23      0.19    0.83    0.93    0.91
24      0.04    0.28    0.22    0.24
25      0.03    0.17    0.42    0.43
26      0.08    0.72    0.31    0.31
27      0.13    1.00    0.66    0.67
28      0.16    1.22    0.86    0.84
29      0.18    0.22    1.03    0.99
30      0.18    0.22    0.05    0.10
31      0.04    0.11    0.34    0.38
32      0.03    0.00    0.45    0.46
33      0.10    0.39    0.39    0.37
34      0.14    1.00    0.63    0.59
35      0.14    0.94    0.79    0.82
36      0.17    0.22    0.17    0.19
37      0.03    0.11    0.14    0.16
38      0.03    0.06    0.45    0.50
39      0.20    1.00    0.39    0.46
40      0.12    1.06    0.64    0.62
41      0.16    0.61    0.90    0.91
42      0.03    0.00    0.21    0.28
43      0.03    0.00    0.42    0.40
44      0.15    1.00    0.43    0.37
45      0.15    1.00    0.56    0.60
46      0.13    1.00    0.86    0.83
47      0.15    0.89    0.99    0.97
48      0.17    0.22    0.07    0.09
49      0.04    0.44    0.29    0.27
50      0.03    0.00    0.47    0.51
51      0.03    0.00    0.40    0.44
52      0.17    0.39    0.48    0.51
53      0.09    0.00    0.52    0.55
54      0.09    0.22    0.52    0.53
55      0.12    0.17    0.50    0.51
56      0.10    0.00    0.49    0.54
57      0.13    0.22    0.51    0.47
58      0.08    0.11    0.52    0.52
59      0.07    0.17    0.54    0.55
60      0.06    0.11    0.51    0.52
61      0.08    0.00    0.52    0.51
62      0.06    0.06    0.49    0.52
63      0.14    0.22    0.63    0.69
64      0.04    0.00    0.33    0.26
65      0.04    0.00    0.39    0.41
66      0.21    0.00    0.38    0.39
67      0.08    0.06    0.48    0.48
68      0.11    0.00    0.51    0.51
69      0.08    0.22    0.49    0.46
70      0.10    0.22    0.49    0.49
71      0.11    1.06    0.51    0.51
72      0.11    0.11    0.47    0.49
73      0.12    0.17    0.55    0.49
74      0.11    0.00    0.46    0.47
75      0.14    0.17    0.51    0.55
76      0.09    0.00    0.50    0.54
77      0.08    0.06    0.54    0.49
78      0.09    0.11    0.66    0.70
79      0.03    0.00    0.23    0.27
80      0.41    1.00    0.42    0.42
81      0.41    1.00    0.53    0.49
82      0.07    0.28    0.50    0.50
83      0.06    0.28    0.50    0.53
84      0.09    0.00    0.51    0.49
85      0.07    0.28    0.47    0.48
86      0.08    0.17    0.49    0.51
87      0.09    0.00    0.51    0.52
88      0.08    0.00    0.48    0.49
89      0.10    0.00    0.54    0.50
90      0.08    0.17    0.51    0.53
91      0.06    0.28    0.50    0.50
92      0.10    0.00    0.48    0.50
93      0.07    0.00    0.53    0.50
94      0.08    0.00    0.46    0.52
95      0.07    0.28    0.52    0.53
96      0.09    0.11    0.54    0.50
97      0.07    0.28    0.51    0.49
98      0.00    0.00    0.00    0.00
99      0.00    0.00    0.00    0.00
