SampleRight, LeftBump, RightBump, LeftSpd, RightSpd
0       0.16    0.01    0.29    0.31
1       0.15    0.01    0.54    0.50
2       0.13    0.00    0.53    0.53
3       0.14    0.00    0.51    0.49
4       0.14    0.01    0.49    0.50
5       0.14    0.00    0.50    0.45
6       0.14    0.01    0.51    0.58
7       1.00    0.00    0.17    0.21
8       0.14    0.00    0.00    0.03
9       0.12    0.00    0.41    0.44
10      0.66    0.07    0.38    0.40
11      0.40    0.05    0.45    0.46
12      0.46    0.07    0.51    0.48
13      0.42    0.05    0.56    0.48
14      0.46    0.04    0.50    0.51
15      0.40    0.05    0.50    0.52
16      0.40    0.05    0.51    0.51
17      0.46    0.04    0.52    0.48
18      0.40    0.03    0.49    0.48
19      0.47    0.03    0.51    0.47
20      0.40    0.03    0.49    0.49
21      0.37    0.03    0.48    0.51
22      0.41    0.03    0.52    0.52
23      0.43    0.04    0.52    0.49
24      0.42    0.04    0.48    0.48
25      0.44    0.04    0.50    0.51
26      0.41    0.04    0.51    0.49
27      0.44    0.04    0.48    0.48
28      0.44    0.04    0.52    0.48
29      0.43    0.03    0.52    0.48
30      0.44    0.02    0.52    0.52
31      0.50    0.01    0.48    0.48
32      0.49    0.01    0.44    0.52
33      0.50    0.01    0.50    0.48
34      0.50    0.01    0.52    0.51
35      0.47    0.00    0.51    0.52
36      0.49    0.00    0.52    0.49
37      0.50    0.00    0.48    0.51
38      0.49    0.00    0.51    0.50
39      0.51    0.01    0.49    0.48
40      0.51    0.01    0.53    0.52
41      0.52    0.00    0.44    0.56
42      0.50    -0.00   0.51    0.51
43      0.43    0.00    0.46    0.52
44      0.60    0.00    0.26    0.25
45      0.10    0.00    0.14    0.19
46      0.27    0.01    0.21    0.22
47      0.38    0.08    0.45    0.41
48      0.34    0.05    0.57    0.53
49      0.32    0.03    0.51    0.53
50      0.38    0.03    0.51    0.50
51      0.41    0.02    0.51    0.52
52      0.37    0.01    0.49    0.53
53      0.34    0.01    0.47    0.50
54      0.39    0.01    0.50    0.53
55      0.39    0.01    0.49    0.45
56      0.40    0.02    0.50    0.49
57      0.41    0.04    0.52    0.48
58      0.41    0.01    0.51    0.49
59      0.39    0.00    0.45    0.49
60      0.40    0.00    0.52    0.51
61      0.39    0.00    0.50    0.52
62      0.40    0.00    0.52    0.48
63      0.35    0.00    0.52    0.52
64      0.30    0.00    0.48    0.49
65      0.37    0.00    0.51    0.49
66      0.37    0.00    0.55    0.55
67      0.40    0.00    0.44    0.47
68      0.39    0.00    0.50    0.50
69      0.47    0.00    0.46    0.48
70      0.47    0.00    0.49    0.48
71      0.38    0.00    0.51    0.48
72      0.50    0.00    0.51    0.44
73      0.50    0.00    0.49    0.49
74      0.45    0.00    0.48    0.51
75      0.46    0.00    0.51    0.53
76      0.41    0.00    0.51    0.45
77      0.42    0.00    0.48    0.51
78      0.37    0.00    0.49    0.49
79      0.35    0.00    0.51    0.49
80      0.39    0.00    0.49    0.51
81      0.39    0.00    0.47    0.48
82      0.37    0.00    0.48    0.51
83      0.37    0.00    0.50    0.54
84      0.33    0.00    0.46    0.48
85      0.32    0.00    0.55    0.54
86      0.38    0.00    0.57    0.54
87      0.37    0.00    0.51    0.51
88      0.35    0.00    0.48    0.52
89      0.32    0.00    0.51    0.56
90      0.31    0.00    0.52    0.51
91      0.31    0.00    0.47    0.53
92      0.27    0.00    0.49    0.49
93      0.25    0.00    0.55    0.58
94      0.26    0.00    0.51    0.51
95      0.24    0.00    0.50    0.52
96      0.24    0.00    0.51    0.48
97      0.25    0.00    0.48    0.53
98      0.00    0.00    0.00    0.00
99      0.00    0.00    0.00    0.00
