SampleRight, LeftBump, RightBump, LeftSpd, RightSpd
0       1.00    1.00    0.78    0.76
1       1.00    1.00    0.80    0.81
2       1.00    1.00    0.82    0.82
3       1.00    1.00    0.81    0.81
4       1.00    1.00    0.81    0.84
5       1.00    1.00    0.82    0.82
6       1.00    1.00    0.78    0.75
7       1.00    1.00    0.80    0.80
8       1.00    1.00    0.80    0.80
9       1.00    1.00    0.78    0.80
10      1.00    0.71    0.80    0.80
11      1.00    1.29    0.80    0.81
12      1.00    0.47    0.80    0.78
13      1.00    0.35    0.80    0.80
14      0.20    0.18    0.04    0.02
15      0.24    1.00    0.00    0.00
16      0.32    1.00    0.45    0.45
17      0.32    1.00    0.89    0.85
18      0.00    0.00    0.45    0.42
19      0.16    1.00    0.90    0.89
20      0.48    1.00    0.43    0.42
21      0.04    0.00    0.55    0.54
22      0.72    1.00    0.82    0.78
23      0.80    1.00    0.80    0.87
24      1.08    1.00    0.80    0.84
25      1.00    1.00    0.77    0.82
26      1.00    1.00    0.79    0.81
27      1.00    1.00    0.84    0.81
28      1.00    1.00    0.77    0.77
29      1.00    1.00    0.81    0.78
30      1.00    0.88    0.81    0.81
31      1.00    0.29    0.79    0.79
32      1.00    1.00    0.00    0.07
33      0.44    1.00    0.00    0.00
34      0.44    1.00    0.23    0.33
35      0.48    1.00    0.81    0.82
36      0.40    1.00    0.80    0.82
37      0.96    1.00    0.36    0.40
38      0.36    1.00    0.56    0.57
39      1.00    1.00    0.42    0.45
40      1.00    1.00    0.83    0.79
41      1.00    1.00    0.78    0.78
42      1.00    1.00    0.84    0.82
43      1.00    1.00    0.81    0.80
44      1.00    1.00    0.80    0.81
45      1.00    0.88    0.79    0.79
46      1.00    1.29    0.77    0.80
47      1.00    0.41    0.78    0.82
48      1.00    0.29    0.78    0.78
49      1.00    0.41    0.84    0.84
50      1.00    0.41    0.81    0.78
51      0.00    0.00    0.01    0.02
52      1.00    0.76    -0.00   0.00
53      1.00    0.53    -0.00   0.00
54      1.00    0.41    0.73    0.70
55      1.00    0.35    0.89    0.83
56      1.00    0.47    0.79    0.81
57      1.00    0.47    0.82    0.81
58      1.00    0.41    0.81    0.80
59      1.00    0.53    0.80    0.80
60      1.00    0.29    0.78    0.76
61      0.00    0.00    0.03    0.03
62      0.36    0.29    0.00    0.00
63      0.32    0.35    0.07    0.13
64      0.28    0.24    0.82    0.86
65      1.00    0.00    0.70    0.74
66      1.00    0.29    0.77    0.78
67      0.48    0.00    0.04    0.02
68      1.00    0.47    -0.00   0.00
69      1.00    0.29    0.15    0.24
70      1.00    0.41    0.84    0.85
71      0.00    0.00    0.15    0.18
72      1.00    0.29    0.00    0.00
73      1.00    0.24    0.00    0.00
74      1.00    0.47    0.77    0.77
75      1.00    1.00    0.23    0.32
76      0.08    0.00    0.01    0.00
77      0.24    0.18    0.00    0.00
78      0.28    0.35    0.19    0.18
79      1.00    0.24    0.00    0.00
80      1.00    0.35    0.00    0.00
81      1.00    0.29    0.00    0.00
82      1.00    0.24    0.00    0.00
83      1.00    0.24    0.00    0.00
84      1.00    0.24    0.00    0.00
85      1.00    0.24    0.00    0.00
86      1.00    0.24    0.00    0.00
87      1.00    0.24    0.00    0.00
88      1.00    0.24    0.00    0.00
89      1.00    0.24    0.00    0.00
90      1.00    0.24    0.00    0.00
91      1.00    0.29    0.00    0.00
92      1.00    0.00    0.00    0.00
93      1.00    0.24    0.00    0.00
94      1.00    0.24    0.00    0.00
95      1.00    0.24    0.00    0.00
96      1.00    0.24    0.00    0.00
97      1.00    0.24    0.03    0.03
98      1.00    0.41    0.75    0.81
99      0.00    0.00    0.00    0.00
