SampleRight, LeftBump, RightBump, LeftSpd, RightSpd
0       0.64    0.50    0.29    0.30
1       0.59    0.42    0.54    0.52
2       0.56    0.54    0.45    0.49
3       0.59    0.33    0.51    0.51
4       0.51    0.37    0.56    0.56
5       0.54    0.42    0.46    0.48
6       0.51    0.29    0.49    0.46
7       0.44    0.29    0.47    0.47
8       0.49    0.25    0.32    0.34
9       1.00    0.33    0.45    0.46
10      0.46    0.25    0.22    0.16
11      1.00    0.29    0.12    0.22
12      0.51    0.25    0.06    0.03
13      0.51    0.25    0.16    0.21
14      1.00    1.00    0.41    0.42
15      0.79    1.00    0.50    0.47
16      0.72    1.00    0.53    0.48
17      0.90    1.00    0.51    0.48
18      0.97    1.00    0.50    0.48
19      1.00    1.00    0.51    0.49
20      0.87    1.00    0.51    0.53
21      0.92    1.00    0.51    0.48
22      0.87    1.00    0.49    0.49
23      1.00    1.00    0.51    0.52
24      0.92    1.00    0.52    0.49
25      1.00    1.00    0.49    0.49
26      1.00    1.00    0.52    0.50
27      1.00    1.00    0.49    0.51
28      1.00    1.00    0.51    0.51
29      1.00    1.00    0.49    0.48
30      1.00    0.88    0.54    0.51
31      1.00    0.83    0.48    0.50
32      1.00    0.67    0.50    0.50
33      1.00    0.67    0.52    0.51
34      1.00    0.50    0.50    0.54
35      1.00    0.54    0.49    0.52
36      1.00    0.63    0.51    0.47
37      1.00    0.46    0.49    0.51
38      1.00    0.42    0.52    0.49
39      1.00    0.37    0.49    0.52
40      0.46    0.25    0.08    0.14
41      0.46    0.25    0.25    0.22
42      1.00    1.00    0.35    0.38
43      1.00    1.00    0.51    0.51
44      1.00    1.00    0.49    0.48
45      1.00    1.08    0.51    0.48
46      1.00    0.88    0.52    0.48
47      1.00    0.79    0.51    0.52
48      1.00    0.92    0.48    0.49
49      1.00    0.58    0.51    0.49
50      1.00    0.25    0.41    0.42
51      0.38    0.17    0.12    0.10
52      1.00    1.00    0.22    0.24
53      1.00    0.88    0.43    0.41
54      1.00    0.83    0.49    0.46
55      1.00    0.83    0.55    0.55
56      1.00    0.92    0.48    0.52
57      0.36    0.04    0.54    0.51
58      0.36    0.04    0.44    0.48
59      1.00    0.63    0.49    0.52
60      1.00    0.29    0.18    0.21
61      0.41    0.17    0.08    0.14
62      0.36    0.25    0.28    0.29
63      1.00    1.00    0.53    0.49
64      0.69    0.63    0.51    0.49
65      0.82    0.37    0.52    0.49
66      0.82    0.58    0.49    0.51
67      0.85    0.67    0.48    0.48
68      0.87    0.54    0.47    0.48
69      1.00    1.12    0.45    0.48
70      1.00    0.37    0.50    0.45
71      0.49    0.17    0.13    0.15
72      0.49    0.17    0.20    0.22
73      0.38    0.21    0.38    0.38
74      1.00    1.00    0.54    0.51
75      0.95    0.79    0.48    0.50
76      0.97    0.54    0.51    0.49
77      1.00    0.79    0.23    0.23
78      0.38    0.17    0.19    0.16
79      0.46    0.17    0.32    0.31
80      1.00    1.00    0.40    0.46
81      0.92    0.67    0.50    0.52
82      0.90    0.67    0.52    0.53
83      0.90    0.29    0.51    0.55
84      0.38    0.17    0.13    0.13
85      0.41    0.21    0.38    0.33
86      1.00    1.00    0.45    0.46
87      0.79    0.96    0.53    0.51
88      0.97    1.71    0.50    0.50
89      0.79    0.75    0.51    0.48
90      0.79    0.75    0.67    0.62
91      1.00    0.88    0.22    0.24
92      0.41    0.25    0.40    0.40
93      1.00    1.00    0.46    0.39
94      0.97    1.00    0.48    0.52
95      0.85    1.00    0.53    0.48
96      0.87    0.58    0.51    0.45
97      1.00    0.42    0.21    0.28
98      0.00    0.00    0.00    0.00
99      0.00    0.00    0.00    0.00
