SampleRight, LeftBump, RightBump, LeftSpd, RightSpd
0       0.17    0.00    0.28    0.27
1       0.15    0.00    0.52    0.51
2       0.15    0.00    0.54    0.53
3       0.14    0.00    0.44    0.51
4       0.14    0.00    0.51    0.49
5       0.14    0.00    0.51    0.51
6       0.14    0.00    0.44    0.49
7       0.11    0.00    0.56    0.53
8       0.18    0.00    0.37    0.37
9       0.63    0.00    0.30    0.32
10      0.14    0.00    0.06    0.14
11      0.58    0.03    0.26    0.23
12      0.40    0.03    0.49    0.45
13      0.40    0.01    0.51    0.50
14      0.41    0.01    0.52    0.53
15      0.44    0.00    0.52    0.52
16      0.44    0.00    0.48    0.51
17      0.46    0.00    0.54    0.53
18      0.38    0.00    0.51    0.48
19      0.42    0.00    0.53    0.53
20      0.41    0.00    0.50    0.51
21      0.44    0.00    0.50    0.50
22      0.54    -0.01   0.48    0.51
23      0.34    0.00    0.51    0.51
24      0.52    0.00    0.48    0.51
25      0.52    0.00    0.20    0.16
26      0.09    0.00    0.26    0.27
27      0.11    0.00    0.35    0.38
28      0.37    0.00    0.47    0.43
29      0.36    0.00    0.22    0.21
30      0.10    0.00    0.19    0.22
31      0.10    0.00    0.34    0.33
32      0.48    0.06    0.46    0.45
33      0.31    0.03    0.45    0.45
34      0.31    0.02    0.51    0.48
35      0.31    0.00    0.52    0.49
36      0.36    0.00    0.49    0.51
37      0.44    0.00    0.50    0.53
38      0.40    0.00    0.48    0.49
39      0.38    0.00    0.53    0.56
40      0.40    0.00    0.51    0.49
41      0.43    0.00    0.53    0.51
42      0.43    0.00    0.45    0.49
43      0.40    0.00    0.45    0.52
44      0.39    0.00    0.23    0.15
45      0.07    0.00    0.20    0.21
46      0.12    0.00    0.23    0.27
47      0.61    0.00    0.21    0.24
48      0.09    0.00    0.01    0.17
49      0.11    0.00    0.42    0.41
50      0.49    0.03    0.50    0.50
51      0.39    0.00    0.48    0.49
52      0.25    0.00    0.52    0.44
53      0.25    0.00    0.52    0.56
54      0.28    0.00    0.48    0.48
55      0.27    0.00    0.49    0.48
56      0.37    0.00    0.50    0.53
57      0.27    0.00    0.52    0.52
58      0.32    0.00    0.51    0.56
59      0.07    0.00    0.59    0.37
60      0.07    0.00    0.42    0.44
61      0.34    0.00    0.52    0.55
62      0.27    0.00    0.48    0.53
63      0.27    0.00    0.52    0.49
64      0.19    0.00    0.51    0.51
65      0.14    0.00    0.56    0.53
66      0.16    0.00    0.49    0.48
67      0.20    0.00    0.54    0.48
68      0.20    0.00    0.49    0.50
69      0.13    0.00    0.48    0.51
70      0.18    0.00    0.51    0.48
71      0.12    0.00    0.52    0.50
72      0.15    0.00    0.45    0.51
73      0.22    0.00    0.49    0.45
74      0.28    0.00    0.57    0.48
75      0.12    0.00    0.51    0.49
76      0.16    0.00    0.47    0.49
77      0.12    0.00    0.52    0.51
78      0.17    0.00    0.51    0.48
79      0.17    0.00    0.52    0.49
80      0.15    0.00    0.50    0.51
81      0.17    0.00    0.56    0.47
82      0.14    0.00    0.50    0.49
83      0.13    0.00    0.51    0.50
84      0.13    0.00    0.52    0.52
85      0.10    0.00    0.52    0.50
86      0.22    0.00    0.49    0.51
87      0.11    0.00    0.51    0.47
88      0.09    0.00    0.48    0.45
89      0.08    0.00    0.54    0.53
90      0.10    0.00    0.51    0.51
91      0.10    0.00    0.49    0.49
92      0.10    0.00    0.48    0.49
93      0.10    0.00    0.52    0.51
94      0.10    0.00    0.49    0.47
95      0.09    0.00    0.51    0.55
96      0.10    0.00    0.55    0.48
97      0.07    0.00    0.51    0.48
98      0.10    0.00    0.52    0.51
99      0.00    0.00    0.00    0.00
