SampleRight, LeftBump, RightBump, LeftSpd, RightSpd
0       0.03    0.01    0.34    0.32
1       0.18    0.14    0.44    0.43
2       0.04    0.06    0.45    0.49
3       0.09    0.12    0.48    0.45
4       0.08    0.12    0.51    0.51
5       0.06    0.08    0.55    0.55
6       0.07    0.10    0.52    0.49
7       0.06    0.06    0.49    0.49
8       0.06    0.09    0.49    0.49
9       0.06    0.07    0.51    0.48
10      0.06    0.07    0.52    0.53
11      0.06    0.07    0.52    0.49
12      0.03    0.05    0.52    0.49
13      0.05    0.07    0.48    0.49
14      0.06    0.09    0.44    0.44
15      0.08    0.09    0.45    0.47
16      0.07    0.09    0.51    0.48
17      0.07    0.10    0.49    0.51
18      0.07    0.10    0.49    0.51
19      0.07    0.10    0.46    0.48
20      0.07    0.09    0.49    0.49
21      0.05    0.07    0.56    0.56
22      0.05    0.08    0.55    0.56
23      0.05    0.08    0.47    0.47
24      0.06    0.09    0.53    0.50
25      0.07    0.09    0.49    0.49
26      0.07    0.09    0.48    0.51
27      0.07    0.09    0.50    0.53
28      0.05    0.08    0.52    0.52
29      0.07    0.09    0.50    0.49
30      0.07    0.10    0.52    0.50
31      0.06    0.10    0.49    0.50
32      0.07    0.11    0.48    0.46
33      0.07    0.11    0.51    0.48
34      0.06    0.14    0.49    0.48
35      0.05    0.11    0.56    0.55
36      0.06    0.09    0.45    0.48
37      0.05    0.10    0.48    0.49
38      0.05    0.09    0.50    0.51
39      0.06    0.11    0.52    0.52
40      0.06    0.10    0.49    0.51
41      0.04    0.09    0.49    0.48
42      0.06    0.10    0.50    0.50
43      0.04    0.09    0.51    0.53
44      0.04    0.08    0.56    0.52
45      0.06    0.11    0.48    0.49
46      0.06    0.11    0.49    0.49
47      0.05    0.10    0.55    0.53
48      0.04    0.12    0.51    0.53
49      0.04    0.10    0.50    0.50
50      0.10    0.10    0.49    0.49
51      0.10    0.10    0.53    0.57
52      0.06    0.03    0.49    0.50
53      0.05    0.03    0.49    0.49
54      0.08    0.06    0.47    0.50
55      0.11    0.06    0.47    0.44
56      0.08    0.06    0.51    0.51
57      0.07    0.06    0.51    0.51
58      0.07    0.06    0.46    0.47
59      0.08    0.07    0.48    0.51
60      0.07    0.06    0.51    0.54
61      0.08    0.06    0.50    0.48
62      0.06    0.05    0.52    0.52
63      0.06    0.05    0.48    0.48
64      0.07    0.06    0.49    0.49
65      0.08    0.06    0.47    0.48
66      0.08    0.07    0.49    0.49
67      0.08    0.08    0.48    0.48
68      0.07    0.07    0.51    0.51
69      0.07    0.06    0.49    0.52
70      0.06    0.05    0.53    0.53
71      0.10    0.07    0.43    0.48
72      0.09    0.09    0.46    0.45
73      0.08    0.09    0.48    0.48
74      0.08    0.09    0.55    0.54
75      0.11    0.12    0.45    0.46
76      0.08    0.09    0.50    0.49
77      0.06    0.08    0.54    0.57
78      0.07    0.07    0.50    0.50
79      0.08    0.08    0.55    0.54
80      0.05    0.06    0.51    0.53
81      0.05    0.06    0.52    0.51
82      0.07    0.09    0.46    0.46
83      0.08    0.09    0.49    0.47
84      0.07    0.09    0.49    0.49
85      0.06    0.08    0.52    0.49
86      0.06    0.09    0.54    0.49
87      0.05    0.08    0.50    0.49
88      0.05    0.07    0.49    0.51
89      0.05    0.07    0.55    0.50
90      0.05    0.07    0.50    0.50
91      0.06    0.07    0.48    0.48
92      0.06    0.08    0.43    0.46
93      0.09    0.14    0.47    0.50
94      0.08    0.15    0.44    0.48
95      0.08    0.19    0.46    0.44
96      0.03    0.15    0.50    0.47
97      0.00    0.00    0.00    0.00
98      0.00    0.00    0.00    0.00
99      0.00    0.00    0.00    0.00
