SampleRight, LeftBump, RightBump, LeftSpd, RightSpd
0       0.83    0.50    0.29    0.38
1       0.78    0.41    0.54    0.47
2       0.76    0.36    0.52    0.49
3       0.76    0.27    0.08    0.05
4       0.69    0.32    0.22    0.19
5       0.72    0.41    0.42    0.47
6       0.76    0.23    0.39    0.36
7       0.69    0.18    0.00    0.00
8       0.76    0.32    0.00    0.07
9       0.74    0.32    0.46    0.39
10      0.67    0.18    0.02    0.03
11      0.72    0.27    0.37    0.38
12      0.69    0.18    0.46    0.51
13      0.69    0.18    0.53    0.48
14      1.00    1.00    0.43    0.42
15      0.83    1.00    0.52    0.47
16      0.97    1.00    0.50    0.49
17      1.00    1.00    0.52    0.51
18      1.00    1.00    0.48    0.45
19      1.00    1.00    0.48    0.48
20      1.00    1.00    0.48    0.52
21      1.00    1.00    0.51    0.48
22      1.00    0.91    0.50    0.49
23      1.00    1.45    0.52    0.52
24      1.00    0.64    0.49    0.49
25      1.00    0.55    0.50    0.52
26      1.00    0.23    0.50    0.49
27      0.72    0.18    0.17    0.14
28      0.72    0.18    0.26    0.23
29      1.00    1.00    0.36    0.37
30      1.00    1.00    0.50    0.47
31      1.00    0.86    0.52    0.49
32      1.00    0.82    0.55    0.51
33      1.00    0.45    0.49    0.49
34      1.00    0.23    0.26    0.26
35      0.67    0.09    0.18    0.13
36      0.67    0.18    0.09    0.16
37      0.69    -0.05   0.05    0.04
38      1.00    1.00    0.23    0.31
39      0.76    1.00    0.47    0.43
40      0.93    1.00    0.55    0.50
41      0.91    1.00    0.53    0.53
42      0.93    1.05    0.53    0.53
43      1.00    0.86    0.51    0.51
44      1.00    0.91    0.47    0.47
45      1.00    0.82    0.54    0.54
46      1.00    0.50    0.47    0.50
47      1.00    0.41    0.51    0.55
48      0.69    0.09    0.15    0.16
49      0.69    0.09    0.22    0.21
50      0.71    0.18    0.01    0.04
51      0.60    0.27    0.00    0.00
52      0.66    0.05    0.00    0.00
53      0.66    0.00    0.18    0.24
54      0.69    1.00    0.38    0.38
55      0.66    1.00    0.44    0.47
56      1.12    1.00    0.47    0.51
57      1.03    0.95    0.53    0.47
58      1.00    1.00    0.45    0.51
59      1.00    0.77    0.49    0.52
60      1.00    0.32    0.41    0.39
61      0.62    0.00    0.14    0.18
62      0.66    0.14    0.00    0.00
63      0.64    0.00    0.37    0.40
64      0.86    0.82    0.41    0.38
65      0.98    0.77    0.54    0.54
66      0.98    0.77    0.51    0.52
67      1.00    0.50    0.48    0.51
68      1.00    0.27    0.12    0.17
69      0.66    0.18    -0.01   0.00
70      0.66    0.18    -0.00   0.00
71      0.67    0.09    0.08    0.15
72      0.66    0.18    0.46    0.46
73      0.60    0.14    0.53    0.50
74      0.90    0.86    0.37    0.37
75      0.67    0.18    0.07    0.12
76      0.66    0.18    0.03    0.03
77      0.69    0.00    0.35    0.33
78      0.67    0.23    0.51    0.50
79      0.64    0.14    0.01    0.08
80      0.64    0.14    0.00    0.00
81      0.66    0.18    0.31    0.34
82      0.66    0.18    0.48    0.51
83      0.79    0.32    0.14    0.17
84      0.71    0.05    0.15    0.22
85      0.62    0.18    0.16    0.11
86      0.64    0.00    0.00    0.01
87      0.67    0.18    0.00    0.00
88      0.66    0.18    0.07    0.03
89      0.71    0.09    0.37    0.45
90      0.64    0.00    0.31    0.35
91      0.67    0.09    0.12    0.11
92      0.71    0.18    0.40    0.34
93      0.67    0.00    0.00    0.00
94      0.62    0.00    0.36    0.43
95      0.67    1.00    0.48    0.45
96      0.67    1.00    0.52    0.47
97      0.67    0.64    0.50    0.51
98      0.69    1.00    0.53    0.52
99      0.00    0.00    0.00    0.00
