SampleRight, LeftBump, RightBump, LeftSpd, RightSpd
0       0.10    0.67    0.28    0.26
1       0.09    0.67    0.52    0.51
2       0.09    0.64    0.54    0.54
3       0.08    0.55    0.48    0.48
4       0.09    0.61    0.51    0.54
5       0.08    0.67    0.53    0.47
6       0.08    0.58    0.51    0.57
7       0.08    0.61    0.53    0.52
8       0.19    0.64    0.27    0.29
9       0.43    0.58    0.33    0.34
10      0.43    0.88    0.48    0.47
11      0.40    0.73    0.58    0.54
12      0.33    0.58    0.53    0.52
13      0.40    0.67    0.48    0.55
14      0.36    0.58    0.53    0.53
15      0.36    0.58    0.48    0.48
16      0.38    0.70    0.51    0.51
17      0.35    0.58    0.48    0.48
18      0.33    0.55    0.60    0.59
19      0.47    0.85    0.17    0.14
20      0.06    0.85    0.31    0.28
21      0.47    1.00    0.21    0.21
22      0.21    0.97    0.47    0.48
23      0.29    1.00    0.74    0.69
24      0.41    1.00    0.85    0.84
25      0.08    0.48    0.21    0.22
26      0.07    0.58    0.62    0.67
27      0.07    0.58    0.09    0.06
28      0.10    0.27    0.47    0.47
29      0.07    0.58    0.26    0.23
30      0.08    0.45    0.37    0.40
31      0.11    1.00    0.51    0.51
32      0.21    1.00    0.75    0.73
33      0.32    1.00    0.94    0.99
34      0.36    1.00    0.56    0.56
35      0.07    0.55    0.19    0.20
36      0.08    0.55    0.50    0.52
37      0.08    0.52    0.53    0.52
38      0.35    1.00    0.42    0.44
39      0.33    0.94    0.66    0.64
40      0.33    0.94    0.21    0.22
41      0.08    0.52    0.37    0.37
42      0.08    0.52    0.49    0.49
43      0.14    0.58    0.45    0.40
44      0.28    0.61    0.51    0.51
45      0.25    0.58    0.53    0.51
46      0.18    0.55    0.49    0.49
47      0.19    0.55    0.45    0.48
48      0.25    0.58    0.44    0.45
49      0.25    0.55    0.47    0.47
50      0.23    0.58    0.48    0.51
51      0.29    0.48    0.48    0.49
52      0.20    0.52    0.55    0.50
53      0.20    0.52    0.48    0.48
54      0.25    0.61    0.51    0.56
55      0.30    0.58    0.51    0.52
56      0.22    0.61    0.55    0.51
57      0.20    0.58    0.48    0.49
58      0.20    0.52    0.52    0.51
59      0.26    0.61    0.57    0.48
60      0.17    0.52    0.45    0.46
61      0.22    0.52    0.51    0.48
62      0.13    0.61    0.55    0.51
63      0.17    0.58    0.48    0.51
64      0.10    0.48    0.51    0.48
65      0.15    0.61    0.51    0.47
66      0.14    0.61    0.53    0.48
67      0.14    0.52    0.51    0.50
68      0.15    0.52    0.51    0.55
69      0.14    0.58    0.51    0.50
70      0.12    0.52    0.51    0.51
71      0.14    0.52    0.52    0.54
72      0.16    0.61    0.68    0.73
73      0.07    0.61    0.32    0.34
74      0.07    0.52    0.39    0.39
75      0.07    0.52    0.36    0.39
76      0.18    0.48    0.52    0.52
77      0.11    0.52    0.49    0.53
78      0.11    0.61    0.48    0.48
79      0.10    0.58    0.56    0.49
80      0.11    0.55    0.48    0.43
81      0.12    0.58    0.52    0.52
82      0.17    0.52    0.52    0.55
83      0.11    0.58    0.49    0.49
84      0.11    0.58    0.46    0.48
85      0.11    0.67    0.50    0.53
86      0.10    0.61    0.54    0.53
87      0.09    0.55    0.50    0.54
88      0.09    0.58    0.55    0.56
89      0.08    0.52    0.54    0.52
90      0.08    0.61    0.54    0.51
91      0.08    0.61    0.49    0.49
92      0.09    0.52    0.48    0.52
93      0.08    0.58    0.58    0.54
94      0.08    0.64    0.45    0.49
95      0.08    0.52    0.52    0.46
96      0.07    0.73    0.48    0.48
97      0.07    0.48    0.45    0.50
98      0.00    0.00    0.00    0.00
99      0.00    0.00    0.00    0.00
