SampleRight, LeftBump, RightBump, LeftSpd, RightSpd
0       0.71    0.62    0.30    0.31
1       0.67    0.54    0.54    0.57
2       0.57    0.38    0.55    0.52
3       0.62    0.50    0.47    0.48
4       0.62    0.46    0.51    0.45
5       0.60    0.42    0.46    0.49
6       0.60    0.46    0.51    0.51
7       0.52    0.42    0.48    0.52
8       1.00    0.46    0.25    0.25
9       0.86    0.31    0.15    0.09
10      1.00    0.54    0.18    0.24
11      1.00    1.00    0.37    0.41
12      1.00    1.00    0.52    0.51
13      1.00    0.81    0.55    0.55
14      1.00    0.73    0.51    0.54
15      1.00    0.46    0.50    0.50
16      0.55    0.35    0.17    0.21
17      0.55    0.35    0.23    0.22
18      1.00    0.58    0.36    0.36
19      1.00    1.00    0.52    0.51
20      1.00    1.00    0.49    0.52
21      1.00    1.00    0.52    0.48
22      1.00    1.00    0.49    0.51
23      1.00    0.81    0.51    0.48
24      1.00    0.73    0.49    0.49
25      1.00    0.62    0.47    0.47
26      1.00    0.38    0.48    0.48
27      1.00    0.38    0.42    0.42
28      0.52    0.35    0.13    0.12
29      1.00    1.00    0.32    0.28
30      1.00    1.00    0.44    0.42
31      1.00    0.92    0.52    0.52
32      1.00    0.62    0.53    0.53
33      1.00    0.58    0.51    0.52
34      1.00    0.58    0.49    0.50
35      1.00    0.31    0.18    0.17
36      0.52    0.35    0.16    0.15
37      0.55    0.31    0.24    0.28
38      1.00    1.00    0.47    0.49
39      1.00    0.54    0.51    0.53
40      1.00    0.58    0.25    0.26
41      0.45    0.31    0.13    0.18
42      0.50    0.31    0.40    0.43
43      1.00    1.00    0.39    0.42
44      1.00    1.00    0.48    0.48
45      1.00    0.65    0.54    0.51
46      1.00    0.31    0.52    0.53
47      0.50    0.23    0.16    0.11
48      0.52    0.31    0.31    0.36
49      1.00    1.00    0.42    0.41
50      1.00    0.38    0.48    0.50
51      1.00    0.35    0.50    0.53
52      1.00    0.31    0.52    0.49
53      0.55    0.23    0.17    0.15
54      0.55    0.23    0.24    0.22
55      0.45    0.35    0.36    0.39
56      1.00    0.27    0.50    0.51
57      1.00    0.31    0.20    0.22
58      0.40    0.31    0.17    0.22
59      0.50    0.15    0.27    0.27
60      1.00    0.58    0.43    0.41
61      1.00    0.42    0.26    0.28
62      0.50    0.35    0.08    0.10
63      0.57    0.31    0.23    0.25
64      0.50    0.50    0.03    0.03
65      1.19    0.42    0.39    0.42
66      1.00    0.38    0.41    0.40
67      0.52    0.31    0.04    0.14
68      0.52    0.31    0.28    0.28
69      1.00    1.00    0.38    0.44
70      1.00    0.38    0.19    0.08
71      0.48    0.31    0.18    0.17
72      0.50    0.35    0.36    0.37
73      1.00    0.19    0.42    0.46
74      1.00    0.35    0.26    0.30
75      0.38    0.35    0.19    0.18
76      0.48    0.35    0.36    0.37
77      1.00    0.35    0.21    0.20
78      0.57    0.27    0.04    0.04
79      0.48    0.31    0.35    0.35
80      1.00    0.31    0.39    0.44
81      0.57    0.23    0.01    0.09
82      0.57    0.23    0.29    0.29
83      0.52    0.42    0.45    0.49
84      1.00    0.27    0.40    0.37
85      1.00    0.31    0.23    0.16
86      0.48    0.31    0.19    0.17
87      0.50    0.31    0.45    0.45
88      0.57    0.31    0.39    0.46
89      1.00    0.38    0.25    0.25
90      0.52    0.35    0.09    0.07
91      0.55    0.31    0.40    0.45
92      1.00    0.35    0.43    0.46
93      0.52    0.31    0.11    0.09
94      0.57    0.38    0.30    0.37
95      1.00    0.38    0.42    0.42
96      0.40    0.31    0.07    0.12
97      0.52    0.31    0.38    0.35
98      0.00    0.00    0.00    0.00
99      0.00    0.00    0.00    0.00
